99/99/99	99:99:99	440	50	470	50	532	50	537
99/99/99	99:99:99	695	49	700	50	460	50	533
99/99/99	99:99:99	440	50	470	50	532	50	536
99/99/99	99:99:99	695	49	700	50	460	50	533
99/99/99	99:99:99	440	50	470	50	532	50	536
99/99/99	99:99:99	695	49	700	50	460	50	533
99/99/99	99:99:99	440	50	470	50	532	50	536
99/99/99	99:99:99	695	49	700	50	460	50	533
99/99/99	99:99:99	440	50	470	50	532	50	536
99/99/99	99:99:99	695	49	700	50	460	50	533
99/99/99	99:99:99	440	50	470	50	532	50	536
99/99/99	99:99:99	695	49	700	50	460	50	533
99/99/99	99:99:99	440	50	470	50	532	50	536
99/99/99	99:99:99	695	49	700	50	460	50	533
99/99/99	99:99:99	440	50	470	50	532	50	536
99/99/99	99:99:99	695	49	700	50	460	50	533
99/99/99	99:99:99	440	50	470	50	532	50	536
99/99/99	99:99:99	695	49	700	50	460	50	533
99/99/99	99:99:99	440	50	470	50	532	50	536
99/99/99	99:99:99	440	50	470	50	532	50	536
99/99/99	99:99:99	695	49	700	50	460	50	532
99/99/99	99:99:99	440	50	470	50	532	50	536
99/99/99	99:99:99	695	49	700	50	460	50	532
99/99/99	99:99:99	440	50	470	50	532	50	536
99/99/99	99:99:99	695	49	700	50	460	50	532
99/99/99	99:99:99	440	50	470	50	532	50	536
99/99/99	99:99:99	695	49	700	50	460	50	532
99/99/99	99:99:99	440	50	470	50	532	50	536
99/99/99	99:99:99	695	49	700	50	460	50	532
99/99/99	99:99:99	440	50	470	50	532	50	536
99/99/99	99:99:99	695	49	700	50	460	50	532
99/99/99	99:99:99	440	50	470	50	532	50	535
99/99/99	99:99:99	695	49	700	50	460	50	532
99/99/99	99:99:99	440	50	470	50	532	50	536
99/99/99	99:99:99	695	49	700	50	460	50	532
99/99/99	99:99:99	440	50	470	50	532	50	535
99/99/99	99:99:99	695	49	700	50	460	50	532
99/99/99	99:99:99	440	50	470	50	532	50	535
99/99/99	99:99:99	695	49	700	50	460	50	532
99/99/99	99:99:99	440	50	470	50	532	50	535
99/99/99	99:99:99	695	49	700	50	460	50	532
99/99/99	99:99:99	440	50	470	50	532	50	535
99/99/99	99:99:99	695	49	700	50	460	50	532
99/99/99	99:99:99	440	50	470	50	532	50	535
99/99/99	99:99:99	695	49	700	50	460	50	532
99/99/99	99:99:99	440	50	470	50	532	50	535
99/99/99	99:99:99	695	49	700	50	460	50	532
99/99/99	99:99:99	440	50	470	50	532	50	535
99/99/99	99:99:99	695	49	700	50	460	50	532
99/99/99	99:99:99	440	50	470	50	532	50	535
99/99/99	99:99:99	695	49	700	50	460	50	532
99/99/99	99:99:99	440	50	470	50	532	50	535
99/99/99	99:99:99	695	49	700	50	460	50	532
99/99/99	99:99:99	440	50	470	50	532	50	535
99/99/99	99:99:99	695	49	700	50	460	50	532
99/99/99	99:99:99	440	50	470	50	532	50	535
99/99/99	99:99:99	695	49	700	50	460	50	532
99/99/99	99:99:99	440	50	470	50	532	50	535
99/99/99	99:99:99	440	50	470	50	532	50	535
99/99/99	99:99:99	695	49	700	50	460	50	531
99/99/99	99:99:99	440	50	470	50	532	50	535
99/99/99	99:99:99	695	49	700	50	460	50	531
99/99/99	99:99:99	440	50	470	50	532	50	535
99/99/99	99:99:99	695	49	700	50	460	50	531
99/99/99	99:99:99	440	50	470	50	532	50	535
99/99/99	99:99:99	695	49	700	50	460	50	531
99/99/99	99:99:99	440	50	470	50	532	50	534
99/99/99	99:99:99	695	49	700	50	460	50	531
99/99/99	99:99:99	440	50	470	50	532	50	535
99/99/99	99:99:99	695	49	700	50	460	50	531
99/99/99	99:99:99	440	50	470	50	532	50	535
99/99/99	99:99:99	695	49	700	50	460	50	531
99/99/99	99:99:99	440	50	470	50	532	50	535
99/99/99	99:99:99	695	49	700	50	460	50	531
99/99/99	99:99:99	440	50	470	50	532	50	535
99/99/99	99:99:99	695	49	700	50	460	50	531
99/99/99	99:99:99	440	50	470	50	532	50	534
99/99/99	99:99:99	695	49	700	50	460	50	531
99/99/99	99:99:99	440	50	470	50	532	50	534
99/99/99	99:99:99	695	49	700	50	460	50	531
99/99/99	99:99:99	440	50	470	50	532	50	535
99/99/99	99:99:99	695	49	700	50	460	50	531
99/99/99	99:99:99	440	50	470	50	532	50	534
99/99/99	99:99:99	695	49	700	50	460	50	531
99/99/99	99:99:99	440	50	470	50	532	50	534
99/99/99	99:99:99	695	49	700	50	460	50	531
99/99/99	99:99:99	440	50	470	50	532	50	534
99/99/99	99:99:99	695	49	700	50	460	50	531
99/99/99	99:99:99	440	50	470	50	532	50	534
99/99/99	99:99:99	695	49	700	50	460	50	531
99/99/99	99:99:99	440	50	470	50	532	50	534
99/99/99	99:99:99	695	49	700	50	460	50	531
99/99/99	99:99:99	440	50	470	50	532	50	534
99/99/99	99:99:99	695	49	700	50	460	50	531
99/99/99	99:99:99	440	50	470	50	532	50	534
99/99/99	99:99:99	440	50	470	50	532	50	534
99/99/99	99:99:99	695	49	700	50	460	50	530
99/99/99	99:99:99	440	50	470	50	532	50	534
99/99/99	99:99:99	695	49	700	50	460	50	530
99/99/99	99:99:99	440	50	470	50	532	50	534
99/99/99	99:99:99	695	49	700	50	460	50	531
99/99/99	99:99:99	440	50	470	50	532	50	534
99/99/99	99:99:99	695	49	700	50	460	50	530
99/99/99	99:99:99	440	50	470	50	532	50	534
99/99/99	99:99:99	695	49	700	50	460	50	530
99/99/99	99:99:99	440	50	470	50	532	50	534
99/99/99	99:99:99	695	51	700	56	460	50	530
99/99/99	99:99:99	440	50	470	50	532	50	534
99/99/99	99:99:99	695	48	700	53	460	50	530
99/99/99	99:99:99	440	50	470	50	532	50	534
99/99/99	99:99:99	695	54	700	50	460	50	530
99/99/99	99:99:99	440	50	470	50	532	50	534
99/99/99	99:99:99	695	48	700	49	460	50	530
99/99/99	99:99:99	440	50	470	50	532	50	534
99/99/99	99:99:99	695	49	700	50	460	50	530
99/99/99	99:99:99	440	50	470	50	532	50	534
99/99/99	99:99:99	695	49	700	50	460	50	530
99/99/99	99:99:99	440	50	470	50	532	50	534
99/99/99	99:99:99	695	49	700	50	460	50	530
99/99/99	99:99:99	440	50	470	50	532	50	534
99/99/99	99:99:99	695	49	700	50	460	50	530
99/99/99	99:99:99	440	50	470	50	532	50	533
99/99/99	99:99:99	695	49	700	50	460	50	530
99/99/99	99:99:99	440	50	470	50	532	50	534
99/99/99	99:99:99	695	49	700	50	460	50	530
99/99/99	99:99:99	440	50	470	50	532	50	534
99/99/99	99:99:99	695	49	700	50	460	50	530
99/99/99	99:99:99	440	50	470	50	532	50	534
99/99/99	99:99:99	695	49	700	50	460	50	530
99/99/99	99:99:99	440	50	470	50	532	50	533
99/99/99	99:99:99	695	81	700	330	460	37	530
99/99/99	99:99:99	440	124	470	49	532	61	533
99/99/99	99:99:99	695	30	700	191	460	46	530
99/99/99	99:99:99	440	50	470	50	532	58	533
99/99/99	99:99:99	440	57	470	44	532	32	533
99/99/99	99:99:99	695	51	700	141	460	51	530
99/99/99	99:99:99	440	72	470	109	532	112	533
99/99/99	99:99:99	695	112	700	162	460	49	530
99/99/99	99:99:99	440	28	470	46	532	70	533
99/99/99	99:99:99	695	51	700	134	460	50	530
99/99/99	99:99:99	440	54	470	49	532	51	533
99/99/99	99:99:99	695	51	700	171	460	50	529
99/99/99	99:99:99	440	56	470	47	532	50	533
99/99/99	99:99:99	695	50	700	318	460	50	529
99/99/99	99:99:99	440	57	470	43	532	77	533
99/99/99	99:99:99	695	52	700	197	460	50	529
99/99/99	99:99:99	440	64	470	126	532	154	533
99/99/99	99:99:99	695	70	700	395	460	50	529
99/99/99	99:99:99	440	30	470	83	532	90	533
99/99/99	99:99:99	695	49	700	224	460	50	530
99/99/99	99:99:99	440	45	470	48	532	58	533
99/99/99	99:99:99	695	49	700	261	460	50	530
99/99/99	99:99:99	440	35	470	50	532	50	533
99/99/99	99:99:99	695	60	700	431	460	50	529
99/99/99	99:99:99	440	45	470	68	532	54	533
99/99/99	99:99:99	695	52	700	376	460	50	529
99/99/99	99:99:99	440	54	470	56	532	64	533
99/99/99	99:99:99	695	69	700	197	460	50	529
99/99/99	99:99:99	440	49	470	71	532	66	533
99/99/99	99:99:99	695	50	700	197	460	50	529
99/99/99	99:99:99	440	60	470	75	532	68	533
99/99/99	99:99:99	695	44	700	1233	460	50	529
99/99/99	99:99:99	440	48	470	51	532	55	533
99/99/99	99:99:99	695	52	700	306	460	50	529
99/99/99	99:99:99	440	51	470	52	532	54	533
99/99/99	99:99:99	695	51	700	174	460	50	529
99/99/99	99:99:99	440	43	470	52	532	56	533
99/99/99	99:99:99	695	66	700	428	460	50	529
99/99/99	99:99:99	440	49	470	53	532	54	533
99/99/99	99:99:99	695	50	700	296	460	50	529
99/99/99	99:99:99	440	53	470	54	532	48	533
99/99/99	99:99:99	440	57	470	55	532	53	533
99/99/99	99:99:99	695	55	700	164	460	50	529
99/99/99	99:99:99	440	52	470	53	532	53	533
99/99/99	99:99:99	695	51	700	328	460	50	529
99/99/99	99:99:99	440	48	470	55	532	55	533
99/99/99	99:99:99	695	52	700	2133	460	50	529
99/99/99	99:99:99	440	57	470	53	532	50	533
99/99/99	99:99:99	695	53	700	2074	460	50	529
99/99/99	99:99:99	440	48	470	59	532	57	532
99/99/99	99:99:99	695	51	700	702	460	50	529
99/99/99	99:99:99	440	50	470	56	532	56	532
99/99/99	99:99:99	695	50	700	151	460	50	529
99/99/99	99:99:99	440	49	470	56	532	55	532
99/99/99	99:99:99	695	50	700	139	460	50	529
99/99/99	99:99:99	440	50	470	55	532	58	532
99/99/99	99:99:99	695	52	700	135	460	50	529
99/99/99	99:99:99	440	51	470	52	532	53	532
99/99/99	99:99:99	695	51	700	222	460	50	529
99/99/99	99:99:99	440	50	470	57	532	50	532
99/99/99	99:99:99	695	52	700	148	460	50	529
99/99/99	99:99:99	440	52	470	54	532	54	532
99/99/99	99:99:99	695	50	700	132	460	50	529
99/99/99	99:99:99	440	50	470	58	532	51	532
99/99/99	99:99:99	695	54	700	154	460	50	529
99/99/99	99:99:99	440	54	470	59	532	50	532
99/99/99	99:99:99	695	54	700	126	460	50	528
99/99/99	99:99:99	440	52	470	57	532	55	532
99/99/99	99:99:99	695	54	700	143	460	50	528
99/99/99	99:99:99	440	52	470	57	532	56	532
99/99/99	99:99:99	695	54	700	127	460	51	528
99/99/99	99:99:99	440	51	470	59	532	59	532
99/99/99	99:99:99	695	56	700	141	460	51	528
99/99/99	99:99:99	440	53	470	60	532	57	532
99/99/99	99:99:99	695	55	700	135	460	50	528
99/99/99	99:99:99	440	55	470	59	532	54	532
99/99/99	99:99:99	695	53	700	140	460	50	528
99/99/99	99:99:99	440	56	470	60	532	56	532
99/99/99	99:99:99	695	54	700	141	460	50	528
99/99/99	99:99:99	440	56	470	60	532	51	532
99/99/99	99:99:99	440	57	470	58	532	51	532
99/99/99	99:99:99	695	54	700	141	460	54	528
99/99/99	99:99:99	440	60	470	58	532	54	532
99/99/99	99:99:99	695	57	700	154	460	52	528
99/99/99	99:99:99	440	60	470	58	532	52	532
99/99/99	99:99:99	695	60	700	153	460	50	528
99/99/99	99:99:99	440	65	470	62	532	52	532
99/99/99	99:99:99	695	64	700	150	460	55	528
99/99/99	99:99:99	440	64	470	63	532	57	532
99/99/99	99:99:99	695	62	700	148	460	54	528
99/99/99	99:99:99	440	62	470	63	532	53	532
99/99/99	99:99:99	695	62	700	154	460	50	528
99/99/99	99:99:99	440	64	470	64	532	50	532
99/99/99	99:99:99	695	61	700	162	460	49	528
99/99/99	99:99:99	440	65	470	70	532	53	532
99/99/99	99:99:99	695	66	700	158	460	53	528
99/99/99	99:99:99	440	64	470	71	532	55	532
99/99/99	99:99:99	695	69	700	158	460	55	528
99/99/99	99:99:99	440	62	470	71	532	54	532
99/99/99	99:99:99	695	71	700	170	460	54	528
99/99/99	99:99:99	440	68	470	75	532	55	532
99/99/99	99:99:99	695	69	700	162	460	54	528
99/99/99	99:99:99	440	68	470	76	532	54	532
99/99/99	99:99:99	695	71	700	171	460	50	528
99/99/99	99:99:99	440	71	470	78	532	52	532
99/99/99	99:99:99	695	74	700	170	460	51	528
99/99/99	99:99:99	440	77	470	79	532	55	532
99/99/99	99:99:99	695	76	700	168	460	51	528
99/99/99	99:99:99	440	76	470	82	532	51	532
99/99/99	99:99:99	695	78	700	167	460	54	528
99/99/99	99:99:99	440	78	470	79	532	52	532
99/99/99	99:99:99	695	77	700	169	460	53	528
99/99/99	99:99:99	440	77	470	82	532	52	532
99/99/99	99:99:99	695	72	700	166	460	53	528
99/99/99	99:99:99	440	78	470	83	532	52	532
99/99/99	99:99:99	695	75	700	166	460	52	528
99/99/99	99:99:99	440	77	470	82	532	52	532
99/99/99	99:99:99	440	79	470	84	532	54	532
99/99/99	99:99:99	695	78	700	169	460	52	528
99/99/99	99:99:99	440	76	470	83	532	54	532
99/99/99	99:99:99	695	79	700	168	460	53	528
99/99/99	99:99:99	440	79	470	82	532	52	532
99/99/99	99:99:99	695	78	700	171	460	55	528
99/99/99	99:99:99	440	74	470	86	532	53	532
99/99/99	99:99:99	695	79	700	169	460	54	528
99/99/99	99:99:99	440	82	470	87	532	54	532
99/99/99	99:99:99	695	81	700	174	460	53	528
99/99/99	99:99:99	440	78	470	85	532	55	532
99/99/99	99:99:99	695	81	700	170	460	56	528
99/99/99	99:99:99	440	75	470	86	532	55	532
99/99/99	99:99:99	695	79	700	165	460	55	528
99/99/99	99:99:99	440	75	470	86	532	56	532
99/99/99	99:99:99	695	82	700	167	460	57	528
99/99/99	99:99:99	440	76	470	86	532	58	532
99/99/99	99:99:99	695	81	700	166	460	53	528
99/99/99	99:99:99	440	72	470	85	532	58	532
99/99/99	99:99:99	695	82	700	168	460	54	528
99/99/99	99:99:99	440	74	470	85	532	56	532
99/99/99	99:99:99	695	82	700	174	460	55	528
99/99/99	99:99:99	440	77	470	83	532	59	532
99/99/99	99:99:99	695	82	700	170	460	56	528
99/99/99	99:99:99	440	73	470	85	532	57	532
99/99/99	99:99:99	695	83	700	170	460	54	528
99/99/99	99:99:99	440	75	470	88	532	55	532
99/99/99	99:99:99	695	83	700	177	460	54	528
99/99/99	99:99:99	440	72	470	87	532	56	532
99/99/99	99:99:99	695	81	700	174	460	54	528
99/99/99	99:99:99	440	71	470	86	532	57	532
99/99/99	99:99:99	695	81	700	173	460	56	528
99/99/99	99:99:99	440	70	470	84	532	55	532
99/99/99	99:99:99	695	78	700	168	460	54	528
99/99/99	99:99:99	440	67	470	80	532	57	532
99/99/99	99:99:99	695	76	700	171	460	56	528
99/99/99	99:99:99	440	66	470	79	532	58	532
99/99/99	99:99:99	440	67	470	78	532	55	532
99/99/99	99:99:99	695	76	700	169	460	56	528
99/99/99	99:99:99	440	67	470	79	532	56	532
99/99/99	99:99:99	695	73	700	185	460	55	528
99/99/99	99:99:99	440	63	470	74	532	57	532
99/99/99	99:99:99	695	70	700	170	460	55	528
99/99/99	99:99:99	440	60	470	71	532	54	532
99/99/99	99:99:99	695	64	700	162	460	55	528
99/99/99	99:99:99	440	61	470	74	532	53	532
99/99/99	99:99:99	695	70	700	163	460	55	528
99/99/99	99:99:99	440	64	470	73	532	54	532
99/99/99	99:99:99	695	69	700	162	460	51	528
99/99/99	99:99:99	440	57	470	66	532	54	532
99/99/99	99:99:99	695	64	700	156	460	54	528
99/99/99	99:99:99	440	56	470	69	532	54	532
99/99/99	99:99:99	695	60	700	154	460	56	528
99/99/99	99:99:99	440	55	470	65	532	54	532
99/99/99	99:99:99	695	61	700	150	460	53	528
99/99/99	99:99:99	440	57	470	66	532	51	532
99/99/99	99:99:99	695	60	700	153	460	51	528
99/99/99	99:99:99	440	57	470	63	532	55	532
99/99/99	99:99:99	695	59	700	150	460	50	528
99/99/99	99:99:99	440	54	470	64	532	57	532
99/99/99	99:99:99	695	58	700	148	460	52	528
99/99/99	99:99:99	440	52	470	61	532	56	532
99/99/99	99:99:99	695	58	700	151	460	55	528
99/99/99	99:99:99	440	53	470	64	532	54	532
99/99/99	99:99:99	695	58	700	142	460	59	528
99/99/99	99:99:99	440	54	470	59	532	54	532
99/99/99	99:99:99	695	56	700	146	460	51	528
99/99/99	99:99:99	440	51	470	52	532	57	532
99/99/99	99:99:99	695	54	700	129	460	54	528
99/99/99	99:99:99	440	55	470	54	532	55	532
99/99/99	99:99:99	695	55	700	129	460	56	528
99/99/99	99:99:99	440	55	470	56	532	54	532
99/99/99	99:99:99	695	57	700	132	460	52	528
99/99/99	99:99:99	440	50	470	52	532	57	532
99/99/99	99:99:99	695	54	700	155	460	52	528
99/99/99	99:99:99	440	52	470	54	532	54	532
99/99/99	99:99:99	440	52	470	52	532	54	532
99/99/99	99:99:99	695	55	700	144	460	50	528
99/99/99	99:99:99	440	50	470	55	532	59	532
99/99/99	99:99:99	695	52	700	128	460	50	528
99/99/99	99:99:99	440	46	470	56	532	54	532
99/99/99	99:99:99	695	52	700	130	460	50	528
99/99/99	99:99:99	440	48	470	54	532	56	532
99/99/99	99:99:99	695	54	700	127	460	50	528
99/99/99	99:99:99	440	47	470	53	532	54	532
99/99/99	99:99:99	695	52	700	124	460	50	528
99/99/99	99:99:99	440	50	470	54	532	52	532
99/99/99	99:99:99	695	53	700	127	460	50	528
99/99/99	99:99:99	440	48	470	54	532	50	532
99/99/99	99:99:99	695	51	700	134	460	50	528
99/99/99	99:99:99	440	49	470	57	532	56	532
99/99/99	99:99:99	695	50	700	135	460	50	528
99/99/99	99:99:99	440	49	470	56	532	53	532
99/99/99	99:99:99	695	51	700	148	460	57	528
99/99/99	99:99:99	440	50	470	56	532	57	532
99/99/99	99:99:99	695	51	700	126	460	50	528
99/99/99	99:99:99	440	52	470	53	532	54	532
99/99/99	99:99:99	695	53	700	131	460	50	528
99/99/99	99:99:99	440	50	470	59	532	54	532
99/99/99	99:99:99	695	50	700	125	460	51	528
99/99/99	99:99:99	440	50	470	55	532	57	532
99/99/99	99:99:99	695	55	700	130	460	50	528
99/99/99	99:99:99	440	50	470	53	532	57	532
99/99/99	99:99:99	695	51	700	140	460	63	528
99/99/99	99:99:99	440	43	470	54	532	52	532
99/99/99	99:99:99	695	52	700	135	460	50	528
99/99/99	99:99:99	440	27	470	37	532	45	532
99/99/99	99:99:99	695	54	700	129	460	50	528
99/99/99	99:99:99	440	54	470	59	532	74	532
99/99/99	99:99:99	695	51	700	127	460	50	528
99/99/99	99:99:99	440	54	470	55	532	50	532
99/99/99	99:99:99	695	51	700	127	460	50	528
99/99/99	99:99:99	440	53	470	56	532	48	532
99/99/99	99:99:99	440	52	470	59	532	49	532
99/99/99	99:99:99	695	50	700	138	460	50	528
99/99/99	99:99:99	440	54	470	45	532	42	532
99/99/99	99:99:99	695	48	700	133	460	50	528
99/99/99	99:99:99	440	57	470	57	532	44	532
99/99/99	99:99:99	695	50	700	132	460	50	528
99/99/99	99:99:99	440	53	470	50	532	51	532
99/99/99	99:99:99	695	50	700	135	460	50	528
99/99/99	99:99:99	440	53	470	57	532	48	532
99/99/99	99:99:99	695	53	700	142	460	50	528
99/99/99	99:99:99	440	51	470	57	532	50	532
99/99/99	99:99:99	695	53	700	133	460	51	528
99/99/99	99:99:99	440	50	470	51	532	48	532
99/99/99	99:99:99	695	52	700	142	460	50	527
99/99/99	99:99:99	440	47	470	56	532	54	532
99/99/99	99:99:99	695	51	700	128	460	50	528
99/99/99	99:99:99	440	65	470	56	532	50	532
99/99/99	99:99:99	695	48	700	129	460	46	527
99/99/99	99:99:99	440	47	470	52	532	43	532
99/99/99	99:99:99	695	50	700	138	460	50	527
99/99/99	99:99:99	440	49	470	55	532	50	532
99/99/99	99:99:99	695	51	700	135	460	52	527
99/99/99	99:99:99	440	48	470	52	532	51	532
99/99/99	99:99:99	695	50	700	130	460	50	528
99/99/99	99:99:99	440	45	470	68	532	69	532
99/99/99	99:99:99	695	53	700	160	460	50	527
99/99/99	99:99:99	440	50	470	59	532	56	532
99/99/99	99:99:99	695	52	700	139	460	50	527
99/99/99	99:99:99	440	38	470	53	532	65	532
99/99/99	99:99:99	695	51	700	144	460	50	527
99/99/99	99:99:99	440	70	470	53	532	54	532
99/99/99	99:99:99	695	50	700	152	460	50	527
99/99/99	99:99:99	440	49	470	53	532	55	532
99/99/99	99:99:99	695	50	700	140	460	50	527
99/99/99	99:99:99	440	50	470	53	532	55	532
99/99/99	99:99:99	695	53	700	139	460	50	527
99/99/99	99:99:99	440	45	470	59	532	76	532
99/99/99	99:99:99	695	55	700	181	460	50	527
99/99/99	99:99:99	440	2	470	114	532	-65	532
99/99/99	99:99:99	440	69	470	57	532	55	532
99/99/99	99:99:99	695	53	700	161	460	50	527
99/99/99	99:99:99	440	63	470	56	532	-7	532
99/99/99	99:99:99	695	48	700	126	460	50	527
99/99/99	99:99:99	440	46	470	73	532	60	532
99/99/99	99:99:99	695	52	700	154	460	50	527
99/99/99	99:99:99	440	50	470	54	532	32	532
99/99/99	99:99:99	695	51	700	206	460	50	527
99/99/99	99:99:99	440	45	470	57	532	55	532
99/99/99	99:99:99	695	50	700	131	460	50	527
99/99/99	99:99:99	440	55	470	60	532	61	532
99/99/99	99:99:99	695	51	700	136	460	50	527
99/99/99	99:99:99	440	57	470	51	532	52	532
99/99/99	99:99:99	695	51	700	151	460	50	527
99/99/99	99:99:99	440	54	470	56	532	66	532
99/99/99	99:99:99	695	54	700	172	460	50	527
99/99/99	99:99:99	440	47	470	57	532	55	532
99/99/99	99:99:99	695	51	700	129	460	50	527
99/99/99	99:99:99	440	51	470	60	532	50	532
99/99/99	99:99:99	695	51	700	132	460	50	527
99/99/99	99:99:99	440	44	470	60	532	54	532
99/99/99	99:99:99	695	50	700	136	460	50	527
99/99/99	99:99:99	440	47	470	62	532	63	532
99/99/99	99:99:99	695	51	700	137	460	50	527
99/99/99	99:99:99	440	44	470	59	532	53	532
99/99/99	99:99:99	695	52	700	137	460	49	527
99/99/99	99:99:99	440	51	470	58	532	57	532
99/99/99	99:99:99	695	50	700	145	460	50	527
99/99/99	99:99:99	440	52	470	52	532	56	532
99/99/99	99:99:99	695	49	700	142	460	52	527
99/99/99	99:99:99	440	54	470	59	532	49	532
99/99/99	99:99:99	695	50	700	141	460	50	527
99/99/99	99:99:99	440	57	470	56	532	58	532
99/99/99	99:99:99	695	51	700	185	460	50	527
99/99/99	99:99:99	440	50	470	45	532	61	532
99/99/99	99:99:99	695	50	700	152	460	50	527
99/99/99	99:99:99	440	56	470	54	532	54	532
99/99/99	99:99:99	440	51	470	57	532	50	532
99/99/99	99:99:99	695	51	700	134	460	56	527
99/99/99	99:99:99	440	61	470	45	532	64	531
99/99/99	99:99:99	695	54	700	134	460	50	527
99/99/99	99:99:99	440	58	470	47	532	54	531
99/99/99	99:99:99	695	50	700	140	460	50	527
99/99/99	99:99:99	440	46	470	56	532	53	532
99/99/99	99:99:99	695	51	700	148	460	53	527
99/99/99	99:99:99	440	44	470	50	532	51	532
99/99/99	99:99:99	695	49	700	129	460	50	527
99/99/99	99:99:99	440	50	470	65	532	55	531
99/99/99	99:99:99	695	48	700	131	460	50	527
99/99/99	99:99:99	440	52	470	56	532	55	531
99/99/99	99:99:99	695	51	700	135	460	50	527
99/99/99	99:99:99	440	65	470	50	532	51	531
99/99/99	99:99:99	695	53	700	141	460	50	527
99/99/99	99:99:99	440	51	470	52	532	58	531
99/99/99	99:99:99	695	53	700	132	460	50	527
99/99/99	99:99:99	440	50	470	56	532	54	531
99/99/99	99:99:99	695	49	700	129	460	50	527
99/99/99	99:99:99	440	49	470	55	532	52	531
99/99/99	99:99:99	695	51	700	137	460	50	527
99/99/99	99:99:99	440	50	470	54	532	53	531
99/99/99	99:99:99	695	54	700	131	460	50	527
99/99/99	99:99:99	440	55	470	56	532	53	531
99/99/99	99:99:99	695	55	700	141	460	50	527
99/99/99	99:99:99	440	52	470	57	532	56	531
99/99/99	99:99:99	695	53	700	126	460	50	527
99/99/99	99:99:99	440	51	470	58	532	52	531
99/99/99	99:99:99	695	50	700	122	460	50	527
99/99/99	99:99:99	440	48	470	56	532	54	531
99/99/99	99:99:99	695	50	700	133	460	50	526
99/99/99	99:99:99	440	50	470	53	532	50	531
99/99/99	99:99:99	695	52	700	154	460	50	526
99/99/99	99:99:99	440	50	470	55	532	51	531
99/99/99	99:99:99	695	54	700	130	460	50	527
99/99/99	99:99:99	440	54	470	57	532	52	531
99/99/99	99:99:99	440	52	470	58	532	55	531
99/99/99	99:99:99	695	52	700	132	460	51	526
99/99/99	99:99:99	440	51	470	56	532	55	531
99/99/99	99:99:99	695	53	700	130	460	54	526
99/99/99	99:99:99	440	50	470	58	532	55	531
99/99/99	99:99:99	695	55	700	134	460	50	526
99/99/99	99:99:99	440	51	470	59	532	53	531
99/99/99	99:99:99	695	54	700	134	460	50	526
99/99/99	99:99:99	440	50	470	56	532	55	531
99/99/99	99:99:99	695	52	700	126	460	50	526
99/99/99	99:99:99	440	49	470	56	532	56	531
99/99/99	99:99:99	695	51	700	135	460	50	526
99/99/99	99:99:99	440	52	470	56	532	53	531
99/99/99	99:99:99	695	52	700	138	460	50	526
99/99/99	99:99:99	440	57	470	61	532	54	531
99/99/99	99:99:99	695	55	700	149	460	52	526
99/99/99	99:99:99	440	54	470	57	532	53	531
99/99/99	99:99:99	695	54	700	135	460	49	526
99/99/99	99:99:99	440	56	470	59	532	51	531
99/99/99	99:99:99	695	59	700	145	460	53	526
99/99/99	99:99:99	440	60	470	62	532	51	531
99/99/99	99:99:99	695	59	700	150	460	52	526
99/99/99	99:99:99	440	62	470	61	532	50	531
99/99/99	99:99:99	695	57	700	155	460	53	526
99/99/99	99:99:99	440	57	470	65	532	51	531
99/99/99	99:99:99	695	60	700	157	460	50	526
99/99/99	99:99:99	440	60	470	67	532	49	531
99/99/99	99:99:99	695	61	700	156	460	54	526
99/99/99	99:99:99	440	58	470	64	532	53	531
99/99/99	99:99:99	695	59	700	154	460	53	526
99/99/99	99:99:99	440	59	470	66	532	52	531
99/99/99	99:99:99	695	62	700	151	460	55	526
99/99/99	99:99:99	440	63	470	65	532	54	531
99/99/99	99:99:99	695	64	700	162	460	55	526
99/99/99	99:99:99	440	63	470	66	532	58	531
99/99/99	99:99:99	695	65	700	158	460	55	526
99/99/99	99:99:99	440	63	470	68	532	54	531
99/99/99	99:99:99	695	64	700	163	460	54	526
99/99/99	99:99:99	440	64	470	71	532	54	531
99/99/99	99:99:99	440	65	470	74	532	56	531
99/99/99	99:99:99	695	68	700	174	460	54	526
99/99/99	99:99:99	440	68	470	78	532	54	531
99/99/99	99:99:99	695	74	700	167	460	55	526
99/99/99	99:99:99	440	69	470	79	532	55	531
99/99/99	99:99:99	695	74	700	168	460	55	526
99/99/99	99:99:99	440	74	470	81	532	54	531
99/99/99	99:99:99	695	75	700	171	460	54	526
99/99/99	99:99:99	440	75	470	80	532	53	531
99/99/99	99:99:99	695	78	700	166	460	56	526
99/99/99	99:99:99	440	79	470	82	532	54	531
99/99/99	99:99:99	695	80	700	171	460	54	526
99/99/99	99:99:99	440	78	470	87	532	54	531
99/99/99	99:99:99	695	82	700	174	460	55	526
99/99/99	99:99:99	440	79	470	87	532	53	531
99/99/99	99:99:99	695	84	700	170	460	57	526
99/99/99	99:99:99	440	84	470	92	532	56	531
99/99/99	99:99:99	695	89	700	168	460	55	526
99/99/99	99:99:99	440	86	470	95	532	57	531
99/99/99	99:99:99	695	88	700	172	460	54	526
99/99/99	99:99:99	440	89	470	98	532	55	531
99/99/99	99:99:99	695	98	700	172	460	57	526
99/99/99	99:99:99	440	94	470	104	532	58	531
99/99/99	99:99:99	695	100	700	171	460	57	526
99/99/99	99:99:99	440	101	470	114	532	55	531
99/99/99	99:99:99	695	110	700	177	460	54	526
99/99/99	99:99:99	440	104	470	114	532	57	531
99/99/99	99:99:99	695	115	700	181	460	52	526
99/99/99	99:99:99	440	106	470	120	532	58	531
99/99/99	99:99:99	695	113	700	180	460	52	526
99/99/99	99:99:99	440	109	470	122	532	57	531
99/99/99	99:99:99	695	119	700	180	460	55	526
99/99/99	99:99:99	440	112	470	130	532	59	531
99/99/99	99:99:99	695	128	700	184	460	58	526
99/99/99	99:99:99	440	122	470	144	532	61	531
99/99/99	99:99:99	695	142	700	194	460	56	526
99/99/99	99:99:99	440	123	470	147	532	62	531
99/99/99	99:99:99	440	126	470	151	532	60	531
99/99/99	99:99:99	695	139	700	192	460	56	526
99/99/99	99:99:99	440	133	470	165	532	67	531
99/99/99	99:99:99	695	148	700	192	460	57	526
99/99/99	99:99:99	440	141	470	176	532	62	531
99/99/99	99:99:99	695	170	700	197	460	57	526
99/99/99	99:99:99	440	145	470	176	532	65	531
99/99/99	99:99:99	695	171	700	202	460	58	526
99/99/99	99:99:99	440	144	470	179	532	62	531
99/99/99	99:99:99	695	175	700	196	460	60	526
99/99/99	99:99:99	440	155	470	199	532	66	531
99/99/99	99:99:99	695	189	700	198	460	61	527
99/99/99	99:99:99	440	163	470	210	532	67	531
99/99/99	99:99:99	695	219	700	208	460	59	526
99/99/99	99:99:99	440	176	470	240	532	69	531
99/99/99	99:99:99	695	232	700	199	460	61	526
99/99/99	99:99:99	440	240	470	319	532	73	531
99/99/99	99:99:99	695	268	700	207	460	59	526
99/99/99	99:99:99	440	255	470	343	532	76	531
99/99/99	99:99:99	695	363	700	213	460	59	526
99/99/99	99:99:99	440	279	470	386	532	76	531
99/99/99	99:99:99	695	384	700	217	460	56	526
99/99/99	99:99:99	440	306	470	422	532	78	531
99/99/99	99:99:99	695	410	700	217	460	55	526
99/99/99	99:99:99	440	326	470	451	532	82	531
99/99/99	99:99:99	695	458	700	222	460	56	526
99/99/99	99:99:99	440	342	470	479	532	85	532
99/99/99	99:99:99	695	496	700	220	460	58	526
99/99/99	99:99:99	440	334	470	477	532	85	531
99/99/99	99:99:99	695	481	700	217	460	57	526
99/99/99	99:99:99	440	328	470	468	532	83	532
99/99/99	99:99:99	695	485	700	213	460	57	526
99/99/99	99:99:99	440	331	470	469	532	82	531
99/99/99	99:99:99	695	510	700	217	460	56	527
99/99/99	99:99:99	440	350	470	501	532	86	531
99/99/99	99:99:99	695	506	700	219	460	56	526
99/99/99	99:99:99	440	352	470	501	532	85	531
99/99/99	99:99:99	695	513	700	218	460	57	527
99/99/99	99:99:99	440	356	470	507	532	89	531
99/99/99	99:99:99	440	356	470	508	532	87	531
99/99/99	99:99:99	695	529	700	220	460	57	527
99/99/99	99:99:99	440	362	470	515	532	85	531
99/99/99	99:99:99	695	531	700	223	460	58	527
99/99/99	99:99:99	440	356	470	504	532	85	532
99/99/99	99:99:99	695	543	700	225	460	56	527
99/99/99	99:99:99	440	349	470	496	532	86	532
99/99/99	99:99:99	695	529	700	221	460	56	527
99/99/99	99:99:99	440	336	470	476	532	85	532
99/99/99	99:99:99	695	523	700	220	460	57	527
99/99/99	99:99:99	440	350	470	490	532	87	532
99/99/99	99:99:99	695	537	700	223	460	57	527
99/99/99	99:99:99	440	326	470	452	532	85	532
99/99/99	99:99:99	695	513	700	224	460	57	527
99/99/99	99:99:99	440	254	470	345	532	76	532
99/99/99	99:99:99	695	433	700	209	460	56	527
99/99/99	99:99:99	440	240	470	334	532	76	532
99/99/99	99:99:99	695	413	700	202	460	56	527
99/99/99	99:99:99	440	244	470	351	532	78	532
99/99/99	99:99:99	695	356	700	199	460	56	527
99/99/99	99:99:99	440	252	470	352	532	76	532
99/99/99	99:99:99	695	356	700	195	460	56	527
99/99/99	99:99:99	440	269	470	372	532	80	532
99/99/99	99:99:99	695	379	700	208	460	55	527
99/99/99	99:99:99	440	318	470	466	532	85	532
99/99/99	99:99:99	695	464	700	229	460	55	527
99/99/99	99:99:99	440	333	470	507	532	89	532
99/99/99	99:99:99	695	519	700	246	460	56	527
99/99/99	99:99:99	440	320	470	463	532	89	532
99/99/99	99:99:99	695	471	700	249	460	57	527
99/99/99	99:99:99	440	284	470	402	532	83	532
99/99/99	99:99:99	695	418	700	231	460	56	527
99/99/99	99:99:99	440	226	470	314	532	77	532
99/99/99	99:99:99	695	347	700	223	460	56	527
99/99/99	99:99:99	440	224	470	322	532	74	532
99/99/99	99:99:99	695	309	700	207	460	56	527
99/99/99	99:99:99	440	157	470	210	532	65	532
99/99/99	99:99:99	695	237	700	189	460	57	527
99/99/99	99:99:99	440	122	470	163	532	63	532
99/99/99	99:99:99	440	120	470	166	532	63	532
99/99/99	99:99:99	695	194	700	173	460	56	527
99/99/99	99:99:99	440	133	470	180	532	64	532
99/99/99	99:99:99	695	193	700	180	460	56	527
99/99/99	99:99:99	440	111	470	144	532	61	532
99/99/99	99:99:99	695	167	700	168	460	56	527
99/99/99	99:99:99	440	107	470	131	532	60	532
99/99/99	99:99:99	695	149	700	160	460	56	527
99/99/99	99:99:99	440	109	470	138	532	58	532
99/99/99	99:99:99	695	154	700	162	460	56	527
99/99/99	99:99:99	440	98	470	123	532	60	532
99/99/99	99:99:99	695	145	700	160	460	55	527
99/99/99	99:99:99	440	95	470	128	532	59	532
99/99/99	99:99:99	695	133	700	155	460	56	527
99/99/99	99:99:99	440	93	470	123	532	61	532
99/99/99	99:99:99	695	124	700	148	460	56	527
99/99/99	99:99:99	440	91	470	111	532	59	532
99/99/99	99:99:99	695	116	700	141	460	56	527
99/99/99	99:99:99	440	92	470	115	532	60	532
99/99/99	99:99:99	695	112	700	147	460	57	527
99/99/99	99:99:99	440	89	470	119	532	59	532
99/99/99	99:99:99	695	116	700	149	460	57	527
99/99/99	99:99:99	440	78	470	104	532	58	532
99/99/99	99:99:99	695	108	700	144	460	58	527
99/99/99	99:99:99	440	79	470	98	532	59	532
99/99/99	99:99:99	695	100	700	142	460	59	527
99/99/99	99:99:99	440	79	470	101	532	59	532
99/99/99	99:99:99	695	97	700	140	460	59	527
99/99/99	99:99:99	440	79	470	98	532	57	533
99/99/99	99:99:99	695	93	700	133	460	59	527
99/99/99	99:99:99	440	77	470	94	532	59	532
99/99/99	99:99:99	695	93	700	138	460	59	527
99/99/99	99:99:99	440	76	470	96	532	57	533
99/99/99	99:99:99	695	94	700	137	460	60	527
99/99/99	99:99:99	440	78	470	99	532	59	532
99/99/99	99:99:99	695	92	700	131	460	61	527
99/99/99	99:99:99	440	67	470	87	532	58	533
99/99/99	99:99:99	440	71	470	89	532	58	533
99/99/99	99:99:99	695	87	700	133	460	62	527
99/99/99	99:99:99	440	72	470	92	532	57	533
99/99/99	99:99:99	695	88	700	131	460	61	527
99/99/99	99:99:99	440	75	470	91	532	54	533
99/99/99	99:99:99	695	88	700	126	460	59	527
99/99/99	99:99:99	440	75	470	90	532	54	533
99/99/99	99:99:99	695	84	700	130	460	56	527
99/99/99	99:99:99	440	74	470	89	532	56	533
99/99/99	99:99:99	695	83	700	130	460	57	527
99/99/99	99:99:99	440	73	470	91	532	56	533
99/99/99	99:99:99	695	81	700	127	460	56	527
99/99/99	99:99:99	440	71	470	81	532	52	533
99/99/99	99:99:99	695	80	700	127	460	57	527
99/99/99	99:99:99	440	68	470	81	532	57	533
99/99/99	99:99:99	695	79	700	126	460	58	527
99/99/99	99:99:99	440	70	470	84	532	50	533
99/99/99	99:99:99	695	81	700	126	460	56	527
99/99/99	99:99:99	440	66	470	77	532	55	533
99/99/99	99:99:99	695	75	700	127	460	57	527
99/99/99	99:99:99	440	67	470	74	532	54	533
99/99/99	99:99:99	695	75	700	127	460	57	527
99/99/99	99:99:99	440	65	470	80	532	55	533
99/99/99	99:99:99	695	73	700	123	460	56	527
99/99/99	99:99:99	440	64	470	75	532	52	533
99/99/99	99:99:99	695	72	700	125	460	56	527
99/99/99	99:99:99	440	65	470	75	532	57	533
99/99/99	99:99:99	695	73	700	123	460	56	527
99/99/99	99:99:99	440	68	470	82	532	55	533
99/99/99	99:99:99	695	75	700	126	460	56	527
99/99/99	99:99:99	440	69	470	81	532	54	533
99/99/99	99:99:99	695	74	700	123	460	55	527
99/99/99	99:99:99	440	70	470	81	532	55	533
99/99/99	99:99:99	695	72	700	122	460	55	528
99/99/99	99:99:99	440	64	470	75	532	55	533
99/99/99	99:99:99	695	70	700	124	460	56	528
99/99/99	99:99:99	440	65	470	77	532	56	533
99/99/99	99:99:99	695	82	700	124	460	55	527
99/99/99	99:99:99	440	65	470	71	532	52	533
99/99/99	99:99:99	440	61	470	67	532	52	533
99/99/99	99:99:99	695	71	700	123	460	55	528
99/99/99	99:99:99	440	63	470	70	532	50	533
99/99/99	99:99:99	695	71	700	120	460	55	528
99/99/99	99:99:99	440	63	470	70	532	51	533
99/99/99	99:99:99	695	68	700	120	460	54	528
99/99/99	99:99:99	440	62	470	67	532	50	533
99/99/99	99:99:99	695	68	700	113	460	56	528
99/99/99	99:99:99	440	63	470	69	532	53	533
99/99/99	99:99:99	695	66	700	120	460	56	528
99/99/99	99:99:99	440	63	470	70	532	53	533
99/99/99	99:99:99	695	63	700	119	460	56	528
99/99/99	99:99:99	440	60	470	68	532	51	533
99/99/99	99:99:99	695	65	700	119	460	55	528
99/99/99	99:99:99	440	60	470	65	532	52	533
99/99/99	99:99:99	695	63	700	115	460	54	528
99/99/99	99:99:99	440	60	470	64	532	55	533
99/99/99	99:99:99	695	64	700	116	460	54	528
99/99/99	99:99:99	440	57	470	64	532	54	533
99/99/99	99:99:99	695	63	700	115	460	55	528
99/99/99	99:99:99	440	59	470	61	532	55	533
99/99/99	99:99:99	695	59	700	116	460	55	528
99/99/99	99:99:99	440	59	470	62	532	53	533
99/99/99	99:99:99	695	59	700	117	460	55	528
99/99/99	99:99:99	440	62	470	64	532	54	533
99/99/99	99:99:99	695	61	700	116	460	56	528
99/99/99	99:99:99	440	58	470	62	532	57	533
99/99/99	99:99:99	695	57	700	115	460	55	528
99/99/99	99:99:99	440	58	470	63	532	54	533
99/99/99	99:99:99	695	59	700	113	460	55	528
99/99/99	99:99:99	440	62	470	64	532	54	534
99/99/99	99:99:99	695	60	700	118	460	54	528
99/99/99	99:99:99	440	56	470	63	532	52	533
99/99/99	99:99:99	695	60	700	112	460	56	528
99/99/99	99:99:99	440	57	470	63	532	57	534
99/99/99	99:99:99	695	64	700	119	460	56	528
99/99/99	99:99:99	440	60	470	62	532	56	534
99/99/99	99:99:99	440	58	470	64	532	57	534
99/99/99	99:99:99	695	62	700	114	460	56	528
99/99/99	99:99:99	440	55	470	63	532	55	534
99/99/99	99:99:99	695	60	700	103	460	56	528
99/99/99	99:99:99	440	58	470	62	532	57	534
99/99/99	99:99:99	695	60	700	113	460	56	528
99/99/99	99:99:99	440	57	470	62	532	56	534
99/99/99	99:99:99	695	60	700	107	460	56	528
99/99/99	99:99:99	440	58	470	63	532	56	534
99/99/99	99:99:99	695	59	700	127	460	56	528
99/99/99	99:99:99	440	56	470	63	532	56	534
99/99/99	99:99:99	695	56	700	106	460	56	528
99/99/99	99:99:99	440	56	470	61	532	56	534
99/99/99	99:99:99	695	60	700	107	460	55	528
99/99/99	99:99:99	440	56	470	63	532	56	534
99/99/99	99:99:99	695	59	700	110	460	56	528
99/99/99	99:99:99	440	57	470	61	532	55	534
99/99/99	99:99:99	695	58	700	104	460	56	528
99/99/99	99:99:99	440	56	470	61	532	57	534
99/99/99	99:99:99	695	59	700	103	460	56	528
99/99/99	99:99:99	440	57	470	62	532	56	534
99/99/99	99:99:99	695	58	700	104	460	56	528
99/99/99	99:99:99	440	59	470	64	532	57	534
99/99/99	99:99:99	695	59	700	106	460	56	528
99/99/99	99:99:99	440	58	470	62	532	54	534
99/99/99	99:99:99	695	55	700	110	460	56	528
99/99/99	99:99:99	440	56	470	60	532	55	534
99/99/99	99:99:99	695	56	700	102	460	56	528
99/99/99	99:99:99	440	56	470	62	532	56	534
99/99/99	99:99:99	695	54	700	101	460	56	528
99/99/99	99:99:99	440	55	470	60	532	57	534
99/99/99	99:99:99	695	56	700	102	460	56	528
99/99/99	99:99:99	440	57	470	62	532	56	534
99/99/99	99:99:99	695	57	700	105	460	55	528
99/99/99	99:99:99	440	58	470	60	532	53	534
99/99/99	99:99:99	695	54	700	102	460	56	528
99/99/99	99:99:99	440	58	470	61	532	54	534
99/99/99	99:99:99	440	56	470	60	532	54	534
99/99/99	99:99:99	695	54	700	99	460	55	528
99/99/99	99:99:99	440	57	470	58	532	55	534
99/99/99	99:99:99	695	57	700	101	460	56	528
99/99/99	99:99:99	440	55	470	56	532	54	534
99/99/99	99:99:99	695	52	700	97	460	56	528
99/99/99	99:99:99	440	56	470	58	532	54	534
99/99/99	99:99:99	695	53	700	98	460	57	528
99/99/99	99:99:99	440	53	470	58	532	55	534
99/99/99	99:99:99	695	54	700	98	460	57	528
99/99/99	99:99:99	440	53	470	61	532	55	534
99/99/99	99:99:99	695	55	700	102	460	57	528
99/99/99	99:99:99	440	54	470	56	532	53	534
99/99/99	99:99:99	695	55	700	100	460	57	528
99/99/99	99:99:99	440	54	470	56	532	53	534
99/99/99	99:99:99	695	52	700	99	460	57	529
99/99/99	99:99:99	440	54	470	57	532	56	534
99/99/99	99:99:99	695	53	700	99	460	57	528
99/99/99	99:99:99	440	55	470	55	532	55	534
99/99/99	99:99:99	695	51	700	99	460	57	528
99/99/99	99:99:99	440	53	470	55	532	57	534
99/99/99	99:99:99	695	51	700	101	460	57	529
99/99/99	99:99:99	440	53	470	56	532	56	535
99/99/99	99:99:99	695	51	700	97	460	57	529
99/99/99	99:99:99	440	52	470	53	532	54	534
99/99/99	99:99:99	695	50	700	96	460	57	529
99/99/99	99:99:99	440	52	470	50	532	54	534
99/99/99	99:99:99	695	47	700	93	460	56	529
99/99/99	99:99:99	440	51	470	50	532	54	534
99/99/99	99:99:99	695	50	700	99	460	55	529
99/99/99	99:99:99	440	52	470	53	532	54	534
99/99/99	99:99:99	695	50	700	96	460	55	529
99/99/99	99:99:99	440	52	470	53	532	52	534
99/99/99	99:99:99	695	50	700	98	460	55	529
99/99/99	99:99:99	440	54	470	53	532	52	534
99/99/99	99:99:99	695	51	700	98	460	55	529
99/99/99	99:99:99	440	53	470	55	532	53	534
99/99/99	99:99:99	695	52	700	99	460	55	529
99/99/99	99:99:99	440	55	470	54	532	52	534
99/99/99	99:99:99	440	54	470	53	532	53	534
99/99/99	99:99:99	695	50	700	100	460	55	529
99/99/99	99:99:99	440	54	470	53	532	52	534
99/99/99	99:99:99	695	50	700	97	460	55	529
99/99/99	99:99:99	440	53	470	53	532	53	535
99/99/99	99:99:99	695	49	700	99	460	55	529
99/99/99	99:99:99	440	53	470	53	532	55	535
99/99/99	99:99:99	695	50	700	95	460	56	529
99/99/99	99:99:99	440	52	470	52	532	55	535
99/99/99	99:99:99	695	45	700	93	460	56	529
99/99/99	99:99:99	440	50	470	53	532	55	535
99/99/99	99:99:99	695	49	700	100	460	56	529
99/99/99	99:99:99	440	51	470	51	532	53	534
99/99/99	99:99:99	695	47	700	92	460	56	529
99/99/99	99:99:99	440	49	470	51	532	53	535
99/99/99	99:99:99	695	47	700	99	460	55	529
99/99/99	99:99:99	440	50	470	51	532	51	535
99/99/99	99:99:99	695	48	700	96	460	56	529
99/99/99	99:99:99	440	51	470	54	532	51	535
99/99/99	99:99:99	695	50	700	94	460	56	529
99/99/99	99:99:99	440	53	470	55	532	56	535
99/99/99	99:99:99	695	48	700	92	460	55	529
99/99/99	99:99:99	440	50	470	52	532	55	535
99/99/99	99:99:99	695	48	700	92	460	56	529
99/99/99	99:99:99	440	47	470	50	532	52	535
99/99/99	99:99:99	695	46	700	96	460	56	529
99/99/99	99:99:99	440	50	470	51	532	50	535
99/99/99	99:99:99	695	48	700	97	460	55	529
99/99/99	99:99:99	440	50	470	50	532	51	535
99/99/99	99:99:99	695	47	700	96	460	56	529
99/99/99	99:99:99	440	49	470	50	532	52	535
99/99/99	99:99:99	695	48	700	107	460	55	529
99/99/99	99:99:99	440	53	470	50	532	53	535
99/99/99	99:99:99	695	52	700	99	460	56	529
99/99/99	99:99:99	440	54	470	55	532	57	535
99/99/99	99:99:99	695	52	700	100	460	56	529
99/99/99	99:99:99	440	50	470	53	532	54	535
99/99/99	99:99:99	695	51	700	101	460	56	529
99/99/99	99:99:99	440	53	470	55	532	57	535
99/99/99	99:99:99	440	55	470	56	532	54	535
99/99/99	99:99:99	695	53	700	101	460	56	529
99/99/99	99:99:99	440	52	470	55	532	54	535
99/99/99	99:99:99	695	52	700	98	460	56	529
99/99/99	99:99:99	440	52	470	54	532	57	535
99/99/99	99:99:99	695	52	700	99	460	56	529
99/99/99	99:99:99	440	55	470	54	532	56	535
99/99/99	99:99:99	695	50	700	97	460	56	529
99/99/99	99:99:99	440	52	470	55	532	56	535
99/99/99	99:99:99	695	51	700	103	460	55	529
99/99/99	99:99:99	440	53	470	54	532	58	535
99/99/99	99:99:99	695	51	700	98	460	56	529
99/99/99	99:99:99	440	54	470	57	532	55	535
99/99/99	99:99:99	695	53	700	98	460	56	529
99/99/99	99:99:99	440	54	470	55	532	53	535
99/99/99	99:99:99	695	52	700	97	460	55	529
99/99/99	99:99:99	440	53	470	58	532	54	535
99/99/99	99:99:99	695	51	700	99	460	57	529
99/99/99	99:99:99	440	55	470	56	532	57	535
99/99/99	99:99:99	695	53	700	106	460	56	529
99/99/99	99:99:99	440	53	470	57	532	57	535
99/99/99	99:99:99	695	52	700	97	460	57	529
99/99/99	99:99:99	440	52	470	55	532	56	535
99/99/99	99:99:99	695	52	700	101	460	58	529
99/99/99	99:99:99	440	56	470	59	532	54	535
99/99/99	99:99:99	695	51	700	103	460	57	529
99/99/99	99:99:99	440	52	470	56	532	54	535
99/99/99	99:99:99	695	55	700	100	460	56	529
99/99/99	99:99:99	440	54	470	53	532	55	535
99/99/99	99:99:99	695	53	700	100	460	57	529
99/99/99	99:99:99	440	55	470	62	532	55	535
99/99/99	99:99:99	695	53	700	105	460	59	529
99/99/99	99:99:99	440	51	470	63	532	54	535
99/99/99	99:99:99	695	54	700	102	460	58	529
99/99/99	99:99:99	440	52	470	61	532	53	535
99/99/99	99:99:99	695	55	700	100	460	58	529
99/99/99	99:99:99	440	57	470	62	532	56	535
99/99/99	99:99:99	440	57	470	58	532	56	535
99/99/99	99:99:99	695	57	700	105	460	59	529
99/99/99	99:99:99	440	58	470	60	532	58	535
99/99/99	99:99:99	695	55	700	102	460	58	529
99/99/99	99:99:99	440	58	470	65	532	55	535
99/99/99	99:99:99	695	58	700	104	460	57	529
99/99/99	99:99:99	440	56	470	62	532	58	535
99/99/99	99:99:99	695	59	700	107	460	57	529
99/99/99	99:99:99	440	58	470	59	532	57	535
99/99/99	99:99:99	695	59	700	107	460	57	530
99/99/99	99:99:99	440	58	470	63	532	56	535
99/99/99	99:99:99	695	59	700	105	460	56	529
99/99/99	99:99:99	440	60	470	60	532	56	535
99/99/99	99:99:99	695	59	700	105	460	56	529
99/99/99	99:99:99	440	57	470	60	532	55	535
99/99/99	99:99:99	695	58	700	112	460	56	529
99/99/99	99:99:99	440	57	470	62	532	55	536
99/99/99	99:99:99	695	60	700	111	460	56	529
99/99/99	99:99:99	440	60	470	61	532	57	536
99/99/99	99:99:99	695	59	700	110	460	56	529
99/99/99	99:99:99	440	56	470	61	532	57	536
99/99/99	99:99:99	695	59	700	114	460	56	529
99/99/99	99:99:99	440	62	470	66	532	55	536
99/99/99	99:99:99	695	64	700	116	460	56	529
99/99/99	99:99:99	440	64	470	68	532	56	536
99/99/99	99:99:99	695	64	700	118	460	56	530
99/99/99	99:99:99	440	64	470	67	532	55	536
99/99/99	99:99:99	695	63	700	116	460	56	529
99/99/99	99:99:99	440	63	470	72	532	54	536
99/99/99	99:99:99	695	64	700	114	460	56	530
99/99/99	99:99:99	440	67	470	73	532	57	536
99/99/99	99:99:99	695	67	700	121	460	56	530
99/99/99	99:99:99	440	69	470	78	532	59	536
99/99/99	99:99:99	695	67	700	122	460	56	530
99/99/99	99:99:99	440	67	470	74	532	57	536
99/99/99	99:99:99	695	68	700	125	460	56	530
99/99/99	99:99:99	440	64	470	72	532	58	536
99/99/99	99:99:99	440	66	470	74	532	56	536
99/99/99	99:99:99	695	69	700	122	460	56	530
99/99/99	99:99:99	440	65	470	74	532	57	536
99/99/99	99:99:99	695	70	700	122	460	56	530
99/99/99	99:99:99	440	65	470	75	532	57	536
99/99/99	99:99:99	695	70	700	119	460	56	530
99/99/99	99:99:99	440	67	470	72	532	57	536
99/99/99	99:99:99	695	73	700	126	460	55	530
99/99/99	99:99:99	440	67	470	76	532	57	536
99/99/99	99:99:99	695	72	700	128	460	55	530
99/99/99	99:99:99	440	65	470	73	532	55	536
99/99/99	99:99:99	695	75	700	128	460	54	530
99/99/99	99:99:99	440	66	470	75	532	53	536
99/99/99	99:99:99	695	73	700	132	460	54	530
99/99/99	99:99:99	440	70	470	79	532	55	536
99/99/99	99:99:99	695	73	700	135	460	54	530
99/99/99	99:99:99	440	70	470	80	532	55	536
99/99/99	99:99:99	695	75	700	132	460	53	530
99/99/99	99:99:99	440	69	470	79	532	53	536
99/99/99	99:99:99	695	82	700	129	460	53	530
99/99/99	99:99:99	440	69	470	77	532	52	536
99/99/99	99:99:99	695	77	700	133	460	54	530
99/99/99	99:99:99	440	70	470	81	532	52	536
99/99/99	99:99:99	695	75	700	130	460	54	530
99/99/99	99:99:99	440	71	470	86	532	52	536
99/99/99	99:99:99	695	85	700	132	460	54	530
99/99/99	99:99:99	440	75	470	88	532	54	536
99/99/99	99:99:99	695	81	700	134	460	54	530
99/99/99	99:99:99	440	70	470	85	532	52	536
99/99/99	99:99:99	695	79	700	130	460	54	530
99/99/99	99:99:99	440	68	470	82	532	51	536
99/99/99	99:99:99	695	78	700	131	460	54	530
99/99/99	99:99:99	440	74	470	87	532	54	536
99/99/99	99:99:99	695	85	700	134	460	54	530
99/99/99	99:99:99	440	76	470	88	532	53	536
99/99/99	99:99:99	695	79	700	134	460	54	530
99/99/99	99:99:99	440	74	470	87	532	52	536
99/99/99	99:99:99	695	82	700	134	460	55	530
99/99/99	99:99:99	440	76	470	89	532	53	536
99/99/99	99:99:99	440	80	470	94	532	53	536
99/99/99	99:99:99	695	86	700	144	460	53	530
99/99/99	99:99:99	440	77	470	92	532	52	536
99/99/99	99:99:99	695	82	700	133	460	54	530
99/99/99	99:99:99	440	73	470	91	532	52	536
99/99/99	99:99:99	695	84	700	137	460	54	530
99/99/99	99:99:99	440	78	470	95	532	54	536
99/99/99	99:99:99	695	83	700	143	460	55	530
99/99/99	99:99:99	440	76	470	89	532	52	536
99/99/99	99:99:99	695	85	700	134	460	55	530
99/99/99	99:99:99	440	74	470	88	532	57	536
99/99/99	99:99:99	695	90	700	135	460	55	530
99/99/99	99:99:99	440	77	470	92	532	56	536
99/99/99	99:99:99	695	83	700	136	460	55	530
99/99/99	99:99:99	440	76	470	85	532	53	536
99/99/99	99:99:99	695	83	700	136	460	55	530
99/99/99	99:99:99	440	74	470	86	532	54	536
99/99/99	99:99:99	695	84	700	129	460	55	530
99/99/99	99:99:99	440	76	470	89	532	55	536
99/99/99	99:99:99	695	85	700	135	460	55	530
99/99/99	99:99:99	440	69	470	84	532	54	536
99/99/99	99:99:99	695	85	700	133	460	54	530
99/99/99	99:99:99	440	75	470	85	532	55	536
99/99/99	99:99:99	695	83	700	132	460	55	530
99/99/99	99:99:99	440	74	470	86	532	54	536
99/99/99	99:99:99	695	81	700	135	460	55	530
99/99/99	99:99:99	440	72	470	84	532	57	536
99/99/99	99:99:99	695	80	700	150	460	54	530
99/99/99	99:99:99	440	71	470	82	532	54	536
99/99/99	99:99:99	695	86	700	129	460	53	530
99/99/99	99:99:99	440	75	470	88	532	53	536
99/99/99	99:99:99	695	82	700	131	460	52	530
99/99/99	99:99:99	440	73	470	83	532	53	536
99/99/99	99:99:99	695	85	700	128	460	52	530
99/99/99	99:99:99	440	76	470	85	532	55	536
99/99/99	99:99:99	695	83	700	129	460	52	530
99/99/99	99:99:99	440	79	470	91	532	54	536
99/99/99	99:99:99	440	75	470	85	532	55	536
99/99/99	99:99:99	695	82	700	128	460	52	530
99/99/99	99:99:99	440	74	470	86	532	53	536
99/99/99	99:99:99	695	82	700	127	460	52	530
99/99/99	99:99:99	440	74	470	88	532	55	536
99/99/99	99:99:99	695	83	700	135	460	52	530
99/99/99	99:99:99	440	74	470	88	532	55	536
99/99/99	99:99:99	695	81	700	132	460	53	530
99/99/99	99:99:99	440	76	470	86	532	55	536
99/99/99	99:99:99	695	81	700	128	460	52	530
99/99/99	99:99:99	440	76	470	89	532	53	536
99/99/99	99:99:99	695	79	700	128	460	51	530
99/99/99	99:99:99	440	79	470	93	532	54	537
99/99/99	99:99:99	695	80	700	130	460	52	530
99/99/99	99:99:99	440	75	470	88	532	59	536
99/99/99	99:99:99	695	83	700	131	460	54	530
99/99/99	99:99:99	440	77	470	81	532	56	536
99/99/99	99:99:99	695	81	700	127	460	54	530
99/99/99	99:99:99	440	73	470	83	532	58	537
99/99/99	99:99:99	695	81	700	131	460	56	530
99/99/99	99:99:99	440	69	470	82	532	56	536
99/99/99	99:99:99	695	77	700	128	460	56	530
99/99/99	99:99:99	440	71	470	84	532	58	536
99/99/99	99:99:99	695	81	700	128	460	56	530
99/99/99	99:99:99	440	69	470	81	532	56	537
99/99/99	99:99:99	695	78	700	124	460	55	530
99/99/99	99:99:99	440	71	470	83	532	56	537
99/99/99	99:99:99	695	83	700	126	460	56	530
99/99/99	99:99:99	440	73	470	84	532	57	537
99/99/99	99:99:99	695	84	700	128	460	56	530
99/99/99	99:99:99	440	76	470	89	532	58	537
99/99/99	99:99:99	695	83	700	132	460	56	530
99/99/99	99:99:99	440	74	470	84	532	57	537
99/99/99	99:99:99	695	80	700	130	460	57	530
99/99/99	99:99:99	440	71	470	87	532	58	537
99/99/99	99:99:99	695	81	700	132	460	56	530
99/99/99	99:99:99	440	78	470	91	532	59	537
99/99/99	99:99:99	695	81	700	136	460	55	530
99/99/99	99:99:99	440	74	470	89	532	59	537
99/99/99	99:99:99	440	73	470	87	532	58	537
99/99/99	99:99:99	695	81	700	131	460	55	530
99/99/99	99:99:99	440	74	470	89	532	55	537
99/99/99	99:99:99	695	80	700	128	460	56	530
99/99/99	99:99:99	440	76	470	90	532	56	537
99/99/99	99:99:99	695	81	700	128	460	56	530
99/99/99	99:99:99	440	70	470	86	532	57	537
99/99/99	99:99:99	695	83	700	128	460	56	530
99/99/99	99:99:99	440	71	470	89	532	56	537
99/99/99	99:99:99	695	79	700	126	460	57	530
99/99/99	99:99:99	440	71	470	84	532	58	537
99/99/99	99:99:99	695	81	700	126	460	57	530
99/99/99	99:99:99	440	70	470	83	532	55	537
99/99/99	99:99:99	695	75	700	128	460	57	530
99/99/99	99:99:99	440	73	470	85	532	55	537
99/99/99	99:99:99	695	78	700	131	460	57	530
99/99/99	99:99:99	440	68	470	79	532	59	537
99/99/99	99:99:99	695	79	700	122	460	57	530
99/99/99	99:99:99	440	69	470	82	532	55	537
99/99/99	99:99:99	695	78	700	129	460	56	530
99/99/99	99:99:99	440	69	470	83	532	56	537
99/99/99	99:99:99	695	79	700	126	460	54	530
99/99/99	99:99:99	440	73	470	79	532	54	537
99/99/99	99:99:99	695	76	700	133	460	57	531
99/99/99	99:99:99	440	71	470	82	532	55	537
99/99/99	99:99:99	695	77	700	129	460	54	530
99/99/99	99:99:99	440	70	470	81	532	54	537
99/99/99	99:99:99	695	81	700	133	460	53	530
99/99/99	99:99:99	440	70	470	81	532	56	537
99/99/99	99:99:99	695	77	700	132	460	54	531
99/99/99	99:99:99	440	74	470	82	532	60	537
99/99/99	99:99:99	695	80	700	130	460	53	530
99/99/99	99:99:99	440	74	470	81	532	54	537
99/99/99	99:99:99	695	84	700	134	460	53	530
99/99/99	99:99:99	440	74	470	85	532	58	537
99/99/99	99:99:99	695	82	700	129	460	53	531
99/99/99	99:99:99	440	75	470	86	532	52	537
99/99/99	99:99:99	440	79	470	87	532	55	537
99/99/99	99:99:99	695	79	700	130	460	53	530
99/99/99	99:99:99	440	71	470	83	532	57	537
99/99/99	99:99:99	695	82	700	128	460	54	530
99/99/99	99:99:99	440	74	470	80	532	57	537
99/99/99	99:99:99	695	81	700	129	460	55	531
99/99/99	99:99:99	440	72	470	84	532	57	537
99/99/99	99:99:99	695	80	700	134	460	55	531
99/99/99	99:99:99	440	72	470	82	532	55	537
99/99/99	99:99:99	695	82	700	126	460	56	531
99/99/99	99:99:99	440	70	470	79	532	55	537
99/99/99	99:99:99	695	80	700	130	460	56	531
99/99/99	99:99:99	440	73	470	89	532	56	537
99/99/99	99:99:99	695	86	700	132	460	56	531
99/99/99	99:99:99	440	71	470	86	532	55	537
99/99/99	99:99:99	695	87	700	131	460	56	531
99/99/99	99:99:99	440	75	470	89	532	59	537
99/99/99	99:99:99	695	84	700	132	460	56	531
99/99/99	99:99:99	440	72	470	86	532	56	537
99/99/99	99:99:99	695	85	700	128	460	56	531
99/99/99	99:99:99	440	74	470	85	532	59	537
99/99/99	99:99:99	695	88	700	125	460	56	531
99/99/99	99:99:99	440	72	470	89	532	56	537
99/99/99	99:99:99	695	82	700	133	460	55	530
99/99/99	99:99:99	440	74	470	92	532	57	537
99/99/99	99:99:99	695	81	700	132	460	56	531
99/99/99	99:99:99	440	73	470	89	532	56	537
99/99/99	99:99:99	695	88	700	123	460	56	531
99/99/99	99:99:99	440	74	470	85	532	58	537
99/99/99	99:99:99	695	77	700	128	460	55	531
99/99/99	99:99:99	440	71	470	85	532	56	537
99/99/99	99:99:99	695	79	700	128	460	56	531
99/99/99	99:99:99	440	69	470	82	532	54	537
99/99/99	99:99:99	695	80	700	127	460	56	531
99/99/99	99:99:99	440	72	470	84	532	55	537
99/99/99	99:99:99	695	79	700	130	460	56	531
99/99/99	99:99:99	440	68	470	80	532	53	537
99/99/99	99:99:99	440	70	470	84	532	53	537
99/99/99	99:99:99	695	80	700	130	460	56	531
99/99/99	99:99:99	440	74	470	83	532	50	537
99/99/99	99:99:99	695	79	700	128	460	56	531
99/99/99	99:99:99	440	69	470	83	532	54	537
99/99/99	99:99:99	695	79	700	126	460	56	531
99/99/99	99:99:99	440	71	470	78	532	55	537
99/99/99	99:99:99	695	77	700	131	460	56	531
99/99/99	99:99:99	440	70	470	82	532	56	537
99/99/99	99:99:99	695	84	700	133	460	56	531
99/99/99	99:99:99	440	69	470	83	532	55	537
99/99/99	99:99:99	695	78	700	134	460	56	531
99/99/99	99:99:99	440	73	470	84	532	56	537
99/99/99	99:99:99	695	85	700	131	460	56	531
99/99/99	99:99:99	440	73	470	83	532	54	537
99/99/99	99:99:99	695	84	700	132	460	56	531
99/99/99	99:99:99	440	70	470	84	532	56	537
99/99/99	99:99:99	695	79	700	125	460	56	531
99/99/99	99:99:99	440	71	470	84	532	54	537
99/99/99	99:99:99	695	83	700	129	460	56	531
99/99/99	99:99:99	440	71	470	81	532	57	537
99/99/99	99:99:99	695	84	700	129	460	55	531
99/99/99	99:99:99	440	72	470	81	532	56	537
99/99/99	99:99:99	695	80	700	132	460	56	531
99/99/99	99:99:99	440	71	470	82	532	56	537
99/99/99	99:99:99	695	83	700	128	460	56	531
99/99/99	99:99:99	440	71	470	83	532	59	537
99/99/99	99:99:99	695	81	700	132	460	56	531
99/99/99	99:99:99	440	69	470	80	532	60	537
99/99/99	99:99:99	695	82	700	129	460	56	531
99/99/99	99:99:99	440	74	470	87	532	58	537
99/99/99	99:99:99	695	83	700	133	460	56	531
99/99/99	99:99:99	440	69	470	83	532	54	537
99/99/99	99:99:99	695	82	700	129	460	56	531
99/99/99	99:99:99	440	70	470	81	532	56	537
99/99/99	99:99:99	695	81	700	132	460	56	531
99/99/99	99:99:99	440	68	470	83	532	55	537
99/99/99	99:99:99	695	80	700	133	460	56	531
99/99/99	99:99:99	440	66	470	85	532	57	537
99/99/99	99:99:99	440	68	470	83	532	56	537
99/99/99	99:99:99	695	79	700	133	460	56	531
99/99/99	99:99:99	440	69	470	84	532	55	537
99/99/99	99:99:99	695	78	700	138	460	55	531
99/99/99	99:99:99	440	69	470	85	532	56	538
99/99/99	99:99:99	695	81	700	132	460	56	531
99/99/99	99:99:99	440	67	470	82	532	56	537
99/99/99	99:99:99	695	79	700	139	460	55	531
99/99/99	99:99:99	440	70	470	86	532	53	538
99/99/99	99:99:99	695	79	700	132	460	55	531
99/99/99	99:99:99	440	70	470	86	532	55	537
99/99/99	99:99:99	695	83	700	136	460	55	531
99/99/99	99:99:99	440	71	470	84	532	55	537
99/99/99	99:99:99	695	80	700	137	460	55	531
99/99/99	99:99:99	440	74	470	84	532	55	537
99/99/99	99:99:99	695	78	700	136	460	55	531
99/99/99	99:99:99	440	75	470	88	532	54	537
99/99/99	99:99:99	695	81	700	130	460	54	531
99/99/99	99:99:99	440	76	470	85	532	55	537
99/99/99	99:99:99	695	82	700	129	460	55	531
99/99/99	99:99:99	440	72	470	82	532	52	537
99/99/99	99:99:99	695	79	700	138	460	54	531
99/99/99	99:99:99	440	76	470	88	532	56	537
99/99/99	99:99:99	695	92	700	138	460	54	531
99/99/99	99:99:99	440	77	470	93	532	56	538
99/99/99	99:99:99	695	92	700	143	460	53	531
99/99/99	99:99:99	440	79	470	91	532	56	538
99/99/99	99:99:99	695	94	700	141	460	53	531
99/99/99	99:99:99	440	85	470	97	532	55	538
99/99/99	99:99:99	695	106	700	143	460	53	531
99/99/99	99:99:99	440	91	470	109	532	57	538
99/99/99	99:99:99	695	108	700	147	460	52	531
99/99/99	99:99:99	440	91	470	110	532	56	537
99/99/99	99:99:99	695	108	700	152	460	51	531
99/99/99	99:99:99	440	95	470	115	532	57	538
99/99/99	99:99:99	695	122	700	152	460	53	531
99/99/99	99:99:99	440	99	470	126	532	59	537
99/99/99	99:99:99	440	102	470	126	532	57	538
99/99/99	99:99:99	695	122	700	158	460	52	531
99/99/99	99:99:99	440	105	470	131	532	59	538
99/99/99	99:99:99	695	132	700	167	460	55	531
99/99/99	99:99:99	440	113	470	149	532	63	537
99/99/99	99:99:99	695	146	700	167	460	57	531
99/99/99	99:99:99	440	169	470	233	532	72	538
99/99/99	99:99:99	695	174	700	183	460	58	531
99/99/99	99:99:99	440	256	470	357	532	80	537
99/99/99	99:99:99	695	205	700	195	460	59	531
99/99/99	99:99:99	440	280	470	361	532	79	538
99/99/99	99:99:99	695	325	700	231	460	53	531
99/99/99	99:99:99	440	213	470	280	532	74	538
99/99/99	99:99:99	695	339	700	235	460	57	531
99/99/99	99:99:99	440	203	470	272	532	73	538
99/99/99	99:99:99	695	271	700	200	460	58	531
99/99/99	99:99:99	440	202	470	265	532	71	538
99/99/99	99:99:99	695	286	700	197	460	58	531
99/99/99	99:99:99	440	232	470	317	532	75	538
99/99/99	99:99:99	695	313	700	193	460	59	531
99/99/99	99:99:99	440	202	470	270	532	71	537
99/99/99	99:99:99	695	287	700	196	460	58	531
99/99/99	99:99:99	440	256	470	350	532	77	538
99/99/99	99:99:99	695	378	700	202	460	58	531
99/99/99	99:99:99	440	302	470	415	532	80	538
99/99/99	99:99:99	695	374	700	194	460	55	531
99/99/99	99:99:99	440	297	470	404	532	79	538
99/99/99	99:99:99	695	383	700	204	460	56	531
99/99/99	99:99:99	440	311	470	429	532	80	538
99/99/99	99:99:99	695	419	700	208	460	58	531
99/99/99	99:99:99	440	331	470	459	532	83	538
99/99/99	99:99:99	695	443	700	216	460	55	531
99/99/99	99:99:99	440	355	470	491	532	83	538
99/99/99	99:99:99	695	529	700	228	460	56	531
99/99/99	99:99:99	440	363	470	506	532	88	538
99/99/99	99:99:99	695	506	700	222	460	58	531
99/99/99	99:99:99	440	352	470	497	532	87	538
99/99/99	99:99:99	695	501	700	219	460	57	531
99/99/99	99:99:99	440	350	470	491	532	82	538
99/99/99	99:99:99	440	363	470	508	532	85	538
99/99/99	99:99:99	695	498	700	223	460	57	531
99/99/99	99:99:99	440	357	470	497	532	86	538
99/99/99	99:99:99	695	517	700	228	460	55	531
99/99/99	99:99:99	440	356	470	499	532	89	538
99/99/99	99:99:99	695	530	700	225	460	57	531
99/99/99	99:99:99	440	362	470	502	532	87	538
99/99/99	99:99:99	695	522	700	223	460	58	531
99/99/99	99:99:99	440	370	470	517	532	85	538
99/99/99	99:99:99	695	524	700	226	460	56	531
99/99/99	99:99:99	440	362	470	501	532	87	538
99/99/99	99:99:99	695	541	700	226	460	56	531
99/99/99	99:99:99	440	360	470	499	532	85	538
99/99/99	99:99:99	695	525	700	225	460	56	531
99/99/99	99:99:99	440	367	470	521	532	86	538
99/99/99	99:99:99	695	544	700	227	460	57	531
99/99/99	99:99:99	440	362	470	506	532	87	538
99/99/99	99:99:99	695	553	700	230	460	58	531
99/99/99	99:99:99	440	381	470	525	532	90	538
99/99/99	99:99:99	695	550	700	223	460	58	531
99/99/99	99:99:99	440	373	470	524	532	89	538
99/99/99	99:99:99	695	538	700	227	460	56	531
99/99/99	99:99:99	440	371	470	530	532	89	538
99/99/99	99:99:99	695	551	700	249	460	57	531
99/99/99	99:99:99	440	382	470	536	532	91	538
99/99/99	99:99:99	695	530	700	224	460	57	531
99/99/99	99:99:99	440	360	470	506	532	88	538
99/99/99	99:99:99	695	546	700	225	460	57	531
99/99/99	99:99:99	440	358	470	500	532	85	538
99/99/99	99:99:99	695	532	700	226	460	57	531
99/99/99	99:99:99	440	352	470	490	532	83	538
99/99/99	99:99:99	695	537	700	226	460	55	531
99/99/99	99:99:99	440	350	470	485	532	85	538
99/99/99	99:99:99	695	525	700	231	460	56	531
99/99/99	99:99:99	440	358	470	500	532	90	538
99/99/99	99:99:99	695	510	700	225	460	56	531
99/99/99	99:99:99	440	346	470	477	532	90	538
99/99/99	99:99:99	695	525	700	221	460	58	531
99/99/99	99:99:99	440	335	470	466	532	87	538
99/99/99	99:99:99	440	351	470	478	532	81	538
99/99/99	99:99:99	695	509	700	219	460	58	531
99/99/99	99:99:99	440	361	470	499	532	87	538
99/99/99	99:99:99	695	532	700	227	460	56	531
99/99/99	99:99:99	440	345	470	487	532	90	538
99/99/99	99:99:99	695	519	700	228	460	57	531
99/99/99	99:99:99	440	356	470	493	532	84	538
99/99/99	99:99:99	695	535	700	224	460	58	532
99/99/99	99:99:99	440	348	470	478	532	84	538
99/99/99	99:99:99	695	512	700	223	460	57	531
99/99/99	99:99:99	440	354	470	490	532	87	538
99/99/99	99:99:99	695	525	700	232	460	56	531
99/99/99	99:99:99	440	335	470	462	532	90	538
99/99/99	99:99:99	695	500	700	225	460	57	531
99/99/99	99:99:99	440	342	470	482	532	87	538
99/99/99	99:99:99	695	506	700	221	460	57	531
99/99/99	99:99:99	440	349	470	481	532	85	538
99/99/99	99:99:99	695	515	700	222	460	57	532
99/99/99	99:99:99	440	344	470	469	532	83	538
99/99/99	99:99:99	695	500	700	222	460	56	531
99/99/99	99:99:99	440	337	470	459	532	83	538
99/99/99	99:99:99	695	509	700	221	460	56	531
99/99/99	99:99:99	440	336	470	465	532	86	538
99/99/99	99:99:99	695	496	700	224	460	57	531
99/99/99	99:99:99	440	348	470	484	532	86	538
99/99/99	99:99:99	695	505	700	225	460	56	531
99/99/99	99:99:99	440	335	470	462	532	83	538
99/99/99	99:99:99	695	495	700	220	460	57	531
99/99/99	99:99:99	440	342	470	468	532	83	538
99/99/99	99:99:99	695	486	700	221	460	57	531
99/99/99	99:99:99	440	353	470	481	532	86	538
99/99/99	99:99:99	695	510	700	223	460	56	531
99/99/99	99:99:99	440	349	470	490	532	89	538
99/99/99	99:99:99	695	509	700	226	460	56	531
99/99/99	99:99:99	440	339	470	472	532	86	538
99/99/99	99:99:99	695	496	700	222	460	57	531
99/99/99	99:99:99	440	349	470	472	532	81	538
99/99/99	99:99:99	440	356	470	485	532	86	538
99/99/99	99:99:99	695	509	700	223	460	57	531
99/99/99	99:99:99	440	345	470	479	532	87	538
99/99/99	99:99:99	695	494	700	226	460	56	531
99/99/99	99:99:99	440	337	470	476	532	83	538
99/99/99	99:99:99	695	508	700	224	460	58	532
99/99/99	99:99:99	440	341	470	476	532	84	538
99/99/99	99:99:99	695	518	700	226	460	58	532
99/99/99	99:99:99	440	359	470	493	532	83	538
99/99/99	99:99:99	695	524	700	222	460	54	531
99/99/99	99:99:99	440	367	470	516	532	90	538
99/99/99	99:99:99	695	540	700	228	460	56	531
99/99/99	99:99:99	440	370	470	539	532	89	538
99/99/99	99:99:99	695	546	700	226	460	59	531
99/99/99	99:99:99	440	375	470	537	532	89	538
99/99/99	99:99:99	695	545	700	224	460	56	532
99/99/99	99:99:99	440	372	470	517	532	84	538
99/99/99	99:99:99	695	544	700	223	460	53	531
99/99/99	99:99:99	440	364	470	508	532	87	538
99/99/99	99:99:99	695	564	700	226	460	55	532
99/99/99	99:99:99	440	381	470	545	532	90	538
99/99/99	99:99:99	695	560	700	236	460	61	532
99/99/99	99:99:99	440	375	470	532	532	90	538
99/99/99	99:99:99	695	544	700	229	460	56	531
99/99/99	99:99:99	440	372	470	514	532	86	538
99/99/99	99:99:99	695	535	700	224	460	54	532
99/99/99	99:99:99	440	361	470	498	532	83	538
99/99/99	99:99:99	695	526	700	226	460	52	532
99/99/99	99:99:99	440	350	470	491	532	88	538
99/99/99	99:99:99	695	510	700	223	460	59	531
99/99/99	99:99:99	440	350	470	487	532	89	538
99/99/99	99:99:99	695	520	700	225	460	62	532
99/99/99	99:99:99	440	355	470	492	532	86	538
99/99/99	99:99:99	695	503	700	226	460	55	532
99/99/99	99:99:99	440	343	470	466	532	81	538
99/99/99	99:99:99	695	517	700	222	460	52	532
99/99/99	99:99:99	440	346	470	478	532	84	538
99/99/99	99:99:99	695	493	700	220	460	60	531
99/99/99	99:99:99	440	341	470	474	532	88	538
99/99/99	99:99:99	440	354	470	497	532	87	538
99/99/99	99:99:99	695	527	700	228	460	62	532
99/99/99	99:99:99	440	352	470	481	532	82	538
99/99/99	99:99:99	695	516	700	224	460	54	532
99/99/99	99:99:99	440	361	470	504	532	84	538
99/99/99	99:99:99	695	526	700	223	460	52	532
99/99/99	99:99:99	440	367	470	526	532	92	538
99/99/99	99:99:99	695	549	700	234	460	60	532
99/99/99	99:99:99	440	371	470	524	532	87	538
99/99/99	99:99:99	695	537	700	228	460	60	532
99/99/99	99:99:99	440	365	470	508	532	84	538
99/99/99	99:99:99	695	542	700	224	460	54	532
99/99/99	99:99:99	440	352	470	490	532	86	538
99/99/99	99:99:99	695	532	700	228	460	56	532
99/99/99	99:99:99	440	355	470	497	532	88	538
99/99/99	99:99:99	695	525	700	224	460	59	532
99/99/99	99:99:99	440	361	470	507	532	86	538
99/99/99	99:99:99	695	540	700	225	460	59	532
99/99/99	99:99:99	440	361	470	503	532	86	538
99/99/99	99:99:99	695	522	700	227	460	55	531
99/99/99	99:99:99	440	361	470	506	532	86	538
99/99/99	99:99:99	695	537	700	224	460	56	532
99/99/99	99:99:99	440	368	470	510	532	87	538
99/99/99	99:99:99	695	525	700	229	460	58	532
99/99/99	99:99:99	440	364	470	509	532	89	538
99/99/99	99:99:99	695	536	700	223	460	59	532
99/99/99	99:99:99	440	358	470	498	532	86	538
99/99/99	99:99:99	695	530	700	228	460	57	532
99/99/99	99:99:99	440	359	470	500	532	84	538
99/99/99	99:99:99	695	511	700	227	460	55	532
99/99/99	99:99:99	440	355	470	492	532	85	539
99/99/99	99:99:99	695	532	700	228	460	56	531
99/99/99	99:99:99	440	366	470	511	532	87	538
99/99/99	99:99:99	695	509	700	223	460	57	532
99/99/99	99:99:99	440	351	470	485	532	85	538
99/99/99	99:99:99	695	536	700	225	460	58	532
99/99/99	99:99:99	440	350	470	493	532	84	538
99/99/99	99:99:99	695	509	700	223	460	57	532
99/99/99	99:99:99	440	361	470	493	532	87	538
99/99/99	99:99:99	440	372	470	516	532	87	538
99/99/99	99:99:99	695	539	700	230	460	57	532
99/99/99	99:99:99	440	350	470	479	532	86	539
99/99/99	99:99:99	695	500	700	235	460	56	532
99/99/99	99:99:99	440	346	470	482	532	87	539
99/99/99	99:99:99	695	500	700	223	460	57	532
99/99/99	99:99:99	440	381	470	529	532	89	538
99/99/99	99:99:99	695	530	700	227	460	57	532
99/99/99	99:99:99	440	368	470	507	532	86	539
99/99/99	99:99:99	695	522	700	226	460	56	532
99/99/99	99:99:99	440	369	470	519	532	87	538
99/99/99	99:99:99	695	533	700	225	460	56	532
99/99/99	99:99:99	440	385	470	539	532	89	539
99/99/99	99:99:99	695	550	700	228	460	58	532
99/99/99	99:99:99	440	387	470	547	532	90	539
99/99/99	99:99:99	695	532	700	234	460	58	532
99/99/99	99:99:99	440	371	470	515	532	84	538
99/99/99	99:99:99	695	504	700	227	460	56	532
99/99/99	99:99:99	440	347	470	483	532	84	539
99/99/99	99:99:99	695	513	700	225	460	57	532
99/99/99	99:99:99	440	375	470	530	532	89	539
99/99/99	99:99:99	695	501	700	228	460	57	532
99/99/99	99:99:99	440	348	470	473	532	83	538
99/99/99	99:99:99	695	491	700	226	460	59	532
99/99/99	99:99:99	440	352	470	480	532	84	539
99/99/99	99:99:99	695	495	700	227	460	58	532
99/99/99	99:99:99	440	366	470	498	532	83	539
99/99/99	99:99:99	695	498	700	230	460	57	532
99/99/99	99:99:99	440	338	470	453	532	81	539
99/99/99	99:99:99	695	506	700	237	460	58	532
99/99/99	99:99:99	440	238	470	315	532	72	538
99/99/99	99:99:99	695	389	700	219	460	57	532
99/99/99	99:99:99	440	171	470	215	532	69	539
99/99/99	99:99:99	695	256	700	208	460	55	532
99/99/99	99:99:99	440	187	470	242	532	68	539
99/99/99	99:99:99	695	252	700	205	460	57	532
99/99/99	99:99:99	440	177	470	221	532	65	539
99/99/99	99:99:99	695	231	700	205	460	56	532
99/99/99	99:99:99	440	154	470	187	532	61	539
99/99/99	99:99:99	440	163	470	195	532	63	539
99/99/99	99:99:99	695	254	700	212	460	56	532
99/99/99	99:99:99	440	161	470	199	532	63	538
99/99/99	99:99:99	695	219	700	202	460	56	532
99/99/99	99:99:99	440	150	470	178	532	60	539
99/99/99	99:99:99	695	257	700	205	460	57	532
99/99/99	99:99:99	440	114	470	133	532	59	539
99/99/99	99:99:99	695	167	700	189	460	58	532
99/99/99	99:99:99	440	109	470	135	532	61	539
99/99/99	99:99:99	695	124	700	179	460	56	532
99/99/99	99:99:99	440	103	470	132	532	60	539
99/99/99	99:99:99	695	149	700	184	460	57	532
99/99/99	99:99:99	440	94	470	114	532	56	539
99/99/99	99:99:99	695	122	700	180	460	58	532
99/99/99	99:99:99	440	95	470	113	532	62	539
99/99/99	99:99:99	695	115	700	177	460	57	532
99/99/99	99:99:99	440	96	470	112	532	59	538
99/99/99	99:99:99	695	110	700	177	460	59	532
99/99/99	99:99:99	440	96	470	110	532	59	539
99/99/99	99:99:99	695	108	700	178	460	59	532
99/99/99	99:99:99	440	93	470	105	532	59	539
99/99/99	99:99:99	695	103	700	180	460	57	532
99/99/99	99:99:99	440	89	470	101	532	59	539
99/99/99	99:99:99	695	104	700	192	460	58	532
99/99/99	99:99:99	440	86	470	104	532	59	539
99/99/99	99:99:99	695	105	700	181	460	58	532
99/99/99	99:99:99	440	81	470	100	532	53	539
99/99/99	99:99:99	695	97	700	182	460	61	532
99/99/99	99:99:99	440	80	470	96	532	55	539
99/99/99	99:99:99	695	93	700	179	460	61	532
99/99/99	99:99:99	440	77	470	91	532	55	539
99/99/99	99:99:99	695	86	700	175	460	66	532
99/99/99	99:99:99	440	76	470	88	532	57	539
99/99/99	99:99:99	695	86	700	177	460	60	532
99/99/99	99:99:99	440	79	470	90	532	56	539
99/99/99	99:99:99	695	89	700	174	460	60	532
99/99/99	99:99:99	440	81	470	92	532	58	539
99/99/99	99:99:99	440	78	470	92	532	56	539
99/99/99	99:99:99	695	90	700	187	460	62	532
99/99/99	99:99:99	440	79	470	91	532	56	539
99/99/99	99:99:99	695	89	700	174	460	59	532
99/99/99	99:99:99	440	78	470	92	532	58	539
99/99/99	99:99:99	695	87	700	179	460	64	532
99/99/99	99:99:99	440	80	470	93	532	54	539
99/99/99	99:99:99	695	89	700	177	460	61	532
99/99/99	99:99:99	440	79	470	90	532	55	539
99/99/99	99:99:99	695	88	700	178	460	61	532
99/99/99	99:99:99	440	80	470	93	532	57	539
99/99/99	99:99:99	695	86	700	178	460	63	532
99/99/99	99:99:99	440	80	470	90	532	57	539
99/99/99	99:99:99	695	87	700	177	460	59	532
99/99/99	99:99:99	440	81	470	91	532	54	539
99/99/99	99:99:99	695	87	700	177	460	57	532
99/99/99	99:99:99	440	83	470	93	532	56	539
99/99/99	99:99:99	695	87	700	176	460	57	532
99/99/99	99:99:99	440	82	470	92	532	54	539
99/99/99	99:99:99	695	87	700	174	460	58	532
99/99/99	99:99:99	440	81	470	90	532	53	539
99/99/99	99:99:99	695	85	700	172	460	57	532
99/99/99	99:99:99	440	82	470	90	532	54	539
99/99/99	99:99:99	695	90	700	178	460	57	532
99/99/99	99:99:99	440	81	470	91	532	55	539
99/99/99	99:99:99	695	85	700	175	460	57	532
99/99/99	99:99:99	440	78	470	88	532	53	539
99/99/99	99:99:99	695	87	700	174	460	57	532
99/99/99	99:99:99	440	82	470	88	532	57	539
99/99/99	99:99:99	695	85	700	172	460	57	532
99/99/99	99:99:99	440	83	470	87	532	58	539
99/99/99	99:99:99	695	85	700	176	460	56	532
99/99/99	99:99:99	440	79	470	91	532	56	539
99/99/99	99:99:99	695	86	700	176	460	53	532
99/99/99	99:99:99	440	81	470	90	532	60	539
99/99/99	99:99:99	695	85	700	175	460	56	532
99/99/99	99:99:99	440	83	470	92	532	58	539
99/99/99	99:99:99	695	84	700	173	460	54	532
99/99/99	99:99:99	440	83	470	94	532	58	539
99/99/99	99:99:99	440	82	470	90	532	55	539
99/99/99	99:99:99	695	82	700	175	460	53	532
99/99/99	99:99:99	440	79	470	90	532	54	539
99/99/99	99:99:99	695	84	700	176	460	57	532
99/99/99	99:99:99	440	82	470	87	532	52	539
99/99/99	99:99:99	695	83	700	170	460	55	532
99/99/99	99:99:99	440	78	470	85	532	54	539
99/99/99	99:99:99	695	83	700	175	460	54	532
99/99/99	99:99:99	440	79	470	88	532	53	539
99/99/99	99:99:99	695	82	700	189	460	54	532
99/99/99	99:99:99	440	81	470	89	532	55	539
99/99/99	99:99:99	695	84	700	174	460	57	532
99/99/99	99:99:99	440	80	470	85	532	53	539
99/99/99	99:99:99	695	83	700	171	460	57	532
99/99/99	99:99:99	440	81	470	88	532	53	539
99/99/99	99:99:99	695	82	700	174	460	58	532
99/99/99	99:99:99	440	81	470	92	532	56	539
99/99/99	99:99:99	695	84	700	175	460	59	532
99/99/99	99:99:99	440	81	470	91	532	58	539
99/99/99	99:99:99	695	82	700	174	460	59	532
99/99/99	99:99:99	440	82	470	91	532	56	539
99/99/99	99:99:99	695	83	700	173	460	61	532
99/99/99	99:99:99	440	80	470	93	532	57	539
99/99/99	99:99:99	695	85	700	175	460	61	532
99/99/99	99:99:99	440	82	470	91	532	57	539
99/99/99	99:99:99	695	85	700	175	460	59	532
99/99/99	99:99:99	440	81	470	89	532	57	539
99/99/99	99:99:99	695	84	700	177	460	60	532
99/99/99	99:99:99	440	78	470	90	532	57	539
99/99/99	99:99:99	695	87	700	179	460	57	532
99/99/99	99:99:99	440	83	470	91	532	56	539
99/99/99	99:99:99	695	86	700	177	460	57	532
99/99/99	99:99:99	440	82	470	92	532	59	539
99/99/99	99:99:99	695	88	700	175	460	58	532
99/99/99	99:99:99	440	81	470	88	532	55	539
99/99/99	99:99:99	695	85	700	179	460	56	532
99/99/99	99:99:99	440	81	470	88	532	57	539
99/99/99	99:99:99	440	84	470	91	532	57	539
99/99/99	99:99:99	695	90	700	181	460	57	532
99/99/99	99:99:99	440	84	470	91	532	56	539
99/99/99	99:99:99	695	89	700	176	460	57	532
99/99/99	99:99:99	440	83	470	90	532	58	539
99/99/99	99:99:99	695	89	700	177	460	58	532
99/99/99	99:99:99	440	81	470	90	532	59	539
99/99/99	99:99:99	695	85	700	175	460	56	532
99/99/99	99:99:99	440	78	470	87	532	57	539
99/99/99	99:99:99	695	88	700	179	460	55	532
99/99/99	99:99:99	440	82	470	92	532	56	539
99/99/99	99:99:99	695	86	700	176	460	54	532
99/99/99	99:99:99	440	80	470	88	532	56	539
99/99/99	99:99:99	695	88	700	176	460	54	532
99/99/99	99:99:99	440	81	470	90	532	57	539
99/99/99	99:99:99	695	87	700	176	460	57	532
99/99/99	99:99:99	440	82	470	88	532	57	539
99/99/99	99:99:99	695	87	700	175	460	55	532
99/99/99	99:99:99	440	82	470	91	532	54	539
99/99/99	99:99:99	695	90	700	175	460	56	532
99/99/99	99:99:99	440	83	470	91	532	53	539
99/99/99	99:99:99	695	86	700	175	460	55	532
99/99/99	99:99:99	440	80	470	89	532	54	539
99/99/99	99:99:99	695	88	700	175	460	54	532
99/99/99	99:99:99	440	79	470	88	532	55	539
99/99/99	99:99:99	695	88	700	174	460	55	532
99/99/99	99:99:99	440	82	470	92	532	54	539
99/99/99	99:99:99	695	84	700	170	460	56	532
99/99/99	99:99:99	440	80	470	90	532	55	539
99/99/99	99:99:99	695	86	700	175	460	55	532
99/99/99	99:99:99	440	81	470	90	532	54	539
99/99/99	99:99:99	695	87	700	173	460	54	532
99/99/99	99:99:99	440	81	470	88	532	53	539
99/99/99	99:99:99	695	85	700	174	460	54	532
99/99/99	99:99:99	440	81	470	89	532	52	539
99/99/99	99:99:99	695	85	700	174	460	55	532
99/99/99	99:99:99	440	81	470	89	532	52	539
99/99/99	99:99:99	440	84	470	91	532	54	538
99/99/99	99:99:99	695	85	700	175	460	55	532
99/99/99	99:99:99	440	81	470	87	532	57	539
99/99/99	99:99:99	695	90	700	175	460	56	532
99/99/99	99:99:99	440	84	470	90	532	55	539
99/99/99	99:99:99	695	90	700	176	460	58	532
99/99/99	99:99:99	440	81	470	88	532	55	539
99/99/99	99:99:99	695	91	700	175	460	54	532
99/99/99	99:99:99	440	81	470	86	532	55	539
99/99/99	99:99:99	695	86	700	175	460	56	532
99/99/99	99:99:99	440	82	470	93	532	58	539
99/99/99	99:99:99	695	87	700	172	460	57	532
99/99/99	99:99:99	440	85	470	91	532	54	539
99/99/99	99:99:99	695	86	700	172	460	56	532
99/99/99	99:99:99	440	83	470	88	532	54	539
99/99/99	99:99:99	695	88	700	176	460	56	532
99/99/99	99:99:99	440	81	470	87	532	57	539
99/99/99	99:99:99	695	85	700	176	460	53	532
99/99/99	99:99:99	440	82	470	90	532	56	539
99/99/99	99:99:99	695	86	700	175	460	56	532
99/99/99	99:99:99	440	83	470	92	532	54	539
99/99/99	99:99:99	695	88	700	174	460	54	532
99/99/99	99:99:99	440	82	470	91	532	57	539
99/99/99	99:99:99	695	87	700	175	460	53	532
99/99/99	99:99:99	440	81	470	88	532	57	539
99/99/99	99:99:99	695	84	700	176	460	54	532
99/99/99	99:99:99	440	84	470	89	532	54	539
99/99/99	99:99:99	695	86	700	175	460	54	532
99/99/99	99:99:99	440	81	470	92	532	54	539
99/99/99	99:99:99	695	85	700	187	460	54	532
99/99/99	99:99:99	440	79	470	89	532	59	539
99/99/99	99:99:99	695	86	700	172	460	54	532
99/99/99	99:99:99	440	80	470	87	532	56	539
99/99/99	99:99:99	695	85	700	174	460	54	532
99/99/99	99:99:99	440	81	470	91	532	59	539
99/99/99	99:99:99	695	88	700	172	460	56	532
99/99/99	99:99:99	440	80	470	93	532	57	539
99/99/99	99:99:99	695	87	700	174	460	58	532
99/99/99	99:99:99	440	80	470	89	532	58	539
99/99/99	99:99:99	440	79	470	89	532	57	539
99/99/99	99:99:99	695	86	700	174	460	55	532
99/99/99	99:99:99	440	82	470	88	532	57	539
99/99/99	99:99:99	695	87	700	172	460	55	532
99/99/99	99:99:99	440	81	470	90	532	57	539
99/99/99	99:99:99	695	88	700	173	460	57	532
99/99/99	99:99:99	440	81	470	90	532	54	539
99/99/99	99:99:99	695	87	700	177	460	58	532
99/99/99	99:99:99	440	78	470	91	532	58	539
99/99/99	99:99:99	695	85	700	175	460	56	532
99/99/99	99:99:99	440	81	470	90	532	55	539
99/99/99	99:99:99	695	86	700	177	460	56	532
99/99/99	99:99:99	440	82	470	92	532	55	539
99/99/99	99:99:99	695	87	700	180	460	54	532
99/99/99	99:99:99	440	80	470	89	532	56	539
99/99/99	99:99:99	695	84	700	173	460	56	532
99/99/99	99:99:99	440	77	470	88	532	56	539
99/99/99	99:99:99	695	86	700	173	460	57	532
99/99/99	99:99:99	440	83	470	90	532	55	539
99/99/99	99:99:99	695	85	700	183	460	55	532
99/99/99	99:99:99	440	82	470	89	532	55	539
99/99/99	99:99:99	695	84	700	171	460	54	532
99/99/99	99:99:99	440	78	470	84	532	57	539
99/99/99	99:99:99	695	81	700	174	460	55	532
99/99/99	99:99:99	440	76	470	85	532	55	539
99/99/99	99:99:99	695	76	700	173	460	57	532
99/99/99	99:99:99	440	76	470	83	532	54	539
99/99/99	99:99:99	695	74	700	197	460	52	532
99/99/99	99:99:99	440	79	470	79	532	55	539
99/99/99	99:99:99	695	70	700	171	460	53	532
99/99/99	99:99:99	440	71	470	72	532	56	539
99/99/99	99:99:99	695	65	700	175	460	54	532
99/99/99	99:99:99	440	71	470	70	532	58	539
99/99/99	99:99:99	695	69	700	170	460	50	532
99/99/99	99:99:99	440	70	470	70	532	53	539
99/99/99	99:99:99	695	62	700	163	460	50	532
99/99/99	99:99:99	440	65	470	65	532	54	539
99/99/99	99:99:99	440	66	470	63	532	51	539
99/99/99	99:99:99	695	57	700	160	460	46	532
99/99/99	99:99:99	440	64	470	67	532	50	539
99/99/99	99:99:99	695	65	700	158	460	50	532
99/99/99	99:99:99	440	53	470	66	532	55	539
99/99/99	99:99:99	695	63	700	158	460	50	532
99/99/99	99:99:99	440	50	470	61	532	59	539
99/99/99	99:99:99	695	53	700	138	460	50	532
99/99/99	99:99:99	440	55	470	59	532	55	539
99/99/99	99:99:99	695	53	700	137	460	50	532
99/99/99	99:99:99	440	54	470	57	532	51	539
99/99/99	99:99:99	695	54	700	141	460	50	532
99/99/99	99:99:99	440	50	470	56	532	50	539
99/99/99	99:99:99	695	55	700	141	460	50	532
99/99/99	99:99:99	440	55	470	57	532	53	539
99/99/99	99:99:99	695	54	700	148	460	50	532
99/99/99	99:99:99	440	55	470	59	532	52	539
99/99/99	99:99:99	695	55	700	134	460	50	532
99/99/99	99:99:99	440	54	470	60	532	53	539
99/99/99	99:99:99	695	58	700	137	460	50	532
99/99/99	99:99:99	440	55	470	58	532	56	539
99/99/99	99:99:99	695	54	700	132	460	50	532
99/99/99	99:99:99	440	55	470	56	532	55	539
99/99/99	99:99:99	695	54	700	133	460	50	532
99/99/99	99:99:99	440	52	470	54	532	54	539
99/99/99	99:99:99	695	51	700	133	460	50	532
99/99/99	99:99:99	440	53	470	57	532	50	539
99/99/99	99:99:99	695	52	700	131	460	50	532
99/99/99	99:99:99	440	53	470	55	532	51	539
99/99/99	99:99:99	695	51	700	134	460	50	532
99/99/99	99:99:99	440	53	470	57	532	50	539
99/99/99	99:99:99	695	51	700	135	460	50	532
99/99/99	99:99:99	440	55	470	54	532	50	539
99/99/99	99:99:99	695	52	700	149	460	50	532
99/99/99	99:99:99	440	51	470	54	532	51	538
99/99/99	99:99:99	695	53	700	131	460	50	532
99/99/99	99:99:99	440	54	470	56	532	56	539
99/99/99	99:99:99	695	57	700	137	460	50	531
99/99/99	99:99:99	440	58	470	62	532	57	539
99/99/99	99:99:99	440	57	470	59	532	56	539
99/99/99	99:99:99	695	51	700	134	460	50	532
99/99/99	99:99:99	440	56	470	60	532	58	539
99/99/99	99:99:99	695	56	700	142	460	56	532
99/99/99	99:99:99	440	60	470	60	532	56	539
99/99/99	99:99:99	695	54	700	158	460	50	532
99/99/99	99:99:99	440	56	470	62	532	57	538
99/99/99	99:99:99	695	56	700	134	460	50	532
99/99/99	99:99:99	440	55	470	58	532	56	539
99/99/99	99:99:99	695	51	700	130	460	51	532
99/99/99	99:99:99	440	57	470	62	532	54	538
99/99/99	99:99:99	695	52	700	132	460	50	532
99/99/99	99:99:99	440	57	470	59	532	56	538
99/99/99	99:99:99	695	56	700	134	460	50	531
99/99/99	99:99:99	440	56	470	60	532	54	539
99/99/99	99:99:99	695	53	700	132	460	56	532
99/99/99	99:99:99	440	55	470	59	532	55	538
99/99/99	99:99:99	695	50	700	127	460	50	531
99/99/99	99:99:99	440	51	470	59	532	57	538
99/99/99	99:99:99	695	51	700	132	460	50	531
99/99/99	99:99:99	440	54	470	54	532	53	538
99/99/99	99:99:99	695	53	700	133	460	50	531
99/99/99	99:99:99	440	52	470	54	532	50	538
99/99/99	99:99:99	695	52	700	128	460	50	531
99/99/99	99:99:99	440	54	470	56	532	51	538
99/99/99	99:99:99	695	54	700	132	460	51	531
99/99/99	99:99:99	440	56	470	55	532	49	538
99/99/99	99:99:99	695	50	700	132	460	50	531
99/99/99	99:99:99	440	53	470	57	532	52	538
99/99/99	99:99:99	695	53	700	139	460	50	531
99/99/99	99:99:99	440	54	470	53	532	50	538
99/99/99	99:99:99	695	52	700	144	460	50	531
99/99/99	99:99:99	440	54	470	59	532	53	538
99/99/99	99:99:99	695	53	700	130	460	50	531
99/99/99	99:99:99	440	55	470	58	532	52	538
99/99/99	99:99:99	695	53	700	140	460	50	531
99/99/99	99:99:99	440	58	470	57	532	50	538
99/99/99	99:99:99	440	60	470	59	532	51	538
99/99/99	99:99:99	695	52	700	133	460	52	531
99/99/99	99:99:99	440	56	470	58	532	52	538
99/99/99	99:99:99	695	54	700	132	460	51	531
99/99/99	99:99:99	440	57	470	61	532	50	538
99/99/99	99:99:99	695	54	700	134	460	50	531
99/99/99	99:99:99	440	58	470	59	532	52	538
99/99/99	99:99:99	695	53	700	127	460	50	531
99/99/99	99:99:99	440	55	470	52	532	54	538
99/99/99	99:99:99	695	54	700	127	460	53	531
99/99/99	99:99:99	440	54	470	55	532	57	538
99/99/99	99:99:99	695	52	700	133	460	51	531
99/99/99	99:99:99	440	52	470	53	532	56	538
99/99/99	99:99:99	695	52	700	127	460	50	531
99/99/99	99:99:99	440	50	470	54	532	54	538
99/99/99	99:99:99	695	50	700	133	460	51	531
99/99/99	99:99:99	440	53	470	53	532	52	538
99/99/99	99:99:99	695	50	700	131	460	53	531
99/99/99	99:99:99	440	51	470	56	532	50	538
99/99/99	99:99:99	695	51	700	138	460	50	531
99/99/99	99:99:99	440	57	470	57	532	51	538
99/99/99	99:99:99	695	55	700	140	460	50	531
99/99/99	99:99:99	440	59	470	57	532	54	538
99/99/99	99:99:99	695	55	700	130	460	50	531
99/99/99	99:99:99	440	55	470	61	532	54	538
99/99/99	99:99:99	695	53	700	126	460	50	531
99/99/99	99:99:99	440	56	470	60	532	54	538
99/99/99	99:99:99	695	52	700	129	460	50	531
99/99/99	99:99:99	440	53	470	56	532	55	538
99/99/99	99:99:99	695	50	700	128	460	50	531
99/99/99	99:99:99	440	52	470	57	532	52	537
99/99/99	99:99:99	695	51	700	133	460	53	531
99/99/99	99:99:99	440	52	470	55	532	51	538
99/99/99	99:99:99	695	51	700	129	460	51	531
99/99/99	99:99:99	440	54	470	53	532	56	538
99/99/99	99:99:99	695	53	700	133	460	53	531
99/99/99	99:99:99	440	54	470	54	532	52	537
99/99/99	99:99:99	440	56	470	55	532	53	537
99/99/99	99:99:99	695	52	700	128	460	50	531
99/99/99	99:99:99	440	53	470	54	532	51	537
99/99/99	99:99:99	695	53	700	128	460	50	531
99/99/99	99:99:99	440	57	470	56	532	51	537
99/99/99	99:99:99	695	53	700	133	460	50	531
99/99/99	99:99:99	440	56	470	58	532	50	537
99/99/99	99:99:99	695	55	700	132	460	52	531
99/99/99	99:99:99	440	57	470	55	532	51	537
99/99/99	99:99:99	695	52	700	133	460	50	531
99/99/99	99:99:99	440	56	470	54	532	51	537
99/99/99	99:99:99	695	53	700	129	460	51	531
99/99/99	99:99:99	440	57	470	58	532	52	537
99/99/99	99:99:99	695	52	700	134	460	50	530
99/99/99	99:99:99	440	58	470	59	532	53	537
99/99/99	99:99:99	695	53	700	139	460	51	530
99/99/99	99:99:99	440	57	470	58	532	51	537
99/99/99	99:99:99	695	54	700	132	460	55	530
99/99/99	99:99:99	440	59	470	58	532	50	537
99/99/99	99:99:99	695	53	700	134	460	52	530
99/99/99	99:99:99	440	57	470	59	532	52	537
99/99/99	99:99:99	695	56	700	133	460	53	530
99/99/99	99:99:99	440	56	470	59	532	52	537
99/99/99	99:99:99	695	55	700	131	460	50	530
99/99/99	99:99:99	440	56	470	57	532	52	537
99/99/99	99:99:99	695	54	700	131	460	52	530
99/99/99	99:99:99	440	57	470	56	532	50	537
99/99/99	99:99:99	695	54	700	130	460	54	530
99/99/99	99:99:99	440	55	470	59	532	50	537
99/99/99	99:99:99	695	53	700	132	460	50	530
99/99/99	99:99:99	440	53	470	59	532	52	537
99/99/99	99:99:99	695	50	700	138	460	48	530
99/99/99	99:99:99	440	52	470	57	532	51	537
99/99/99	99:99:99	695	52	700	130	460	51	530
99/99/99	99:99:99	440	58	470	58	532	51	537
99/99/99	99:99:99	695	52	700	132	460	50	530
99/99/99	99:99:99	440	60	470	59	532	51	537
99/99/99	99:99:99	695	53	700	135	460	50	530
99/99/99	99:99:99	440	57	470	56	532	51	537
99/99/99	99:99:99	440	55	470	56	532	53	537
99/99/99	99:99:99	695	54	700	136	460	51	530
99/99/99	99:99:99	440	57	470	56	532	56	537
99/99/99	99:99:99	695	52	700	132	460	51	530
99/99/99	99:99:99	440	57	470	56	532	56	537
99/99/99	99:99:99	695	54	700	136	460	50	530
99/99/99	99:99:99	440	54	470	57	532	54	537
99/99/99	99:99:99	695	53	700	128	460	50	530
99/99/99	99:99:99	440	53	470	57	532	52	537
99/99/99	99:99:99	695	51	700	129	460	50	530
99/99/99	99:99:99	440	53	470	55	532	53	537
99/99/99	99:99:99	695	50	700	132	460	50	530
99/99/99	99:99:99	440	55	470	54	532	53	537
99/99/99	99:99:99	695	56	700	132	460	50	530
99/99/99	99:99:99	440	56	470	59	532	51	537
99/99/99	99:99:99	695	54	700	132	460	50	530
99/99/99	99:99:99	440	55	470	59	532	57	537
99/99/99	99:99:99	695	55	700	137	460	50	530
99/99/99	99:99:99	440	55	470	60	532	57	537
99/99/99	99:99:99	695	55	700	131	460	50	530
99/99/99	99:99:99	440	57	470	57	532	55	536
99/99/99	99:99:99	695	53	700	133	460	53	530
99/99/99	99:99:99	440	53	470	61	532	56	536
99/99/99	99:99:99	695	53	700	134	460	59	530
99/99/99	99:99:99	440	52	470	61	532	54	536
99/99/99	99:99:99	695	51	700	135	460	50	530
99/99/99	99:99:99	440	50	470	59	532	55	536
99/99/99	99:99:99	695	49	700	131	460	50	530
99/99/99	99:99:99	440	53	470	55	532	57	536
99/99/99	99:99:99	695	50	700	134	460	50	530
99/99/99	99:99:99	440	57	470	53	532	53	536
99/99/99	99:99:99	695	53	700	129	460	50	530
99/99/99	99:99:99	440	59	470	56	532	51	537
99/99/99	99:99:99	695	54	700	140	460	52	530
99/99/99	99:99:99	440	55	470	59	532	53	536
99/99/99	99:99:99	695	55	700	134	460	50	529
99/99/99	99:99:99	440	55	470	57	532	50	536
99/99/99	99:99:99	440	51	470	59	532	54	536
99/99/99	99:99:99	695	54	700	127	460	50	530
99/99/99	99:99:99	440	54	470	57	532	54	536
99/99/99	99:99:99	695	53	700	135	460	50	530
99/99/99	99:99:99	440	52	470	55	532	54	536
99/99/99	99:99:99	695	50	700	129	460	50	530
99/99/99	99:99:99	440	55	470	54	532	51	536
99/99/99	99:99:99	695	52	700	129	460	50	529
99/99/99	99:99:99	440	55	470	58	532	53	536
99/99/99	99:99:99	695	52	700	132	460	53	529
99/99/99	99:99:99	440	57	470	60	532	51	536
99/99/99	99:99:99	695	54	700	136	460	50	529
99/99/99	99:99:99	440	58	470	56	532	53	536
99/99/99	99:99:99	695	54	700	132	460	50	529
99/99/99	99:99:99	440	56	470	58	532	55	536
99/99/99	99:99:99	695	53	700	143	460	50	529
99/99/99	99:99:99	440	55	470	54	532	56	536
99/99/99	99:99:99	695	50	700	129	460	50	529
99/99/99	99:99:99	440	51	470	57	532	53	536
99/99/99	99:99:99	695	52	700	131	460	50	529
99/99/99	99:99:99	440	51	470	55	532	52	536
99/99/99	99:99:99	695	50	700	129	460	50	529
99/99/99	99:99:99	440	54	470	53	532	50	536
99/99/99	99:99:99	695	52	700	127	460	50	529
99/99/99	99:99:99	440	50	470	54	532	53	536
99/99/99	99:99:99	695	50	700	131	460	50	529
99/99/99	99:99:99	440	57	470	54	532	52	536
99/99/99	99:99:99	695	54	700	138	460	55	529
99/99/99	99:99:99	440	58	470	60	532	54	536
99/99/99	99:99:99	695	54	700	130	460	50	529
99/99/99	99:99:99	440	56	470	60	532	54	536
99/99/99	99:99:99	695	55	700	129	460	50	529
99/99/99	99:99:99	440	58	470	58	532	57	536
99/99/99	99:99:99	695	50	700	134	460	51	529
99/99/99	99:99:99	440	55	470	60	532	55	536
99/99/99	99:99:99	695	52	700	132	460	50	529
99/99/99	99:99:99	440	59	470	59	532	58	536
99/99/99	99:99:99	440	55	470	59	532	54	536
99/99/99	99:99:99	695	50	700	129	460	50	529
99/99/99	99:99:99	440	52	470	53	532	51	536
99/99/99	99:99:99	695	52	700	131	460	50	529
99/99/99	99:99:99	440	54	470	57	532	53	536
99/99/99	99:99:99	695	54	700	129	460	50	529
99/99/99	99:99:99	440	56	470	57	532	54	535
99/99/99	99:99:99	695	55	700	134	460	50	529
99/99/99	99:99:99	440	57	470	59	532	53	536
99/99/99	99:99:99	695	54	700	127	460	50	529
99/99/99	99:99:99	440	55	470	59	532	54	536
99/99/99	99:99:99	695	51	700	129	460	50	529
99/99/99	99:99:99	440	55	470	56	532	53	535
99/99/99	99:99:99	695	52	700	135	460	50	529
99/99/99	99:99:99	440	51	470	54	532	52	536
99/99/99	99:99:99	695	50	700	130	460	50	529
99/99/99	99:99:99	440	56	470	54	532	50	535
99/99/99	99:99:99	695	52	700	135	460	50	529
99/99/99	99:99:99	440	56	470	60	532	57	535
99/99/99	99:99:99	695	55	700	131	460	50	529
99/99/99	99:99:99	440	55	470	55	532	53	535
99/99/99	99:99:99	695	53	700	131	460	50	529
99/99/99	99:99:99	440	55	470	60	532	54	535
99/99/99	99:99:99	695	54	700	151	460	50	529
99/99/99	99:99:99	440	56	470	57	532	58	535
99/99/99	99:99:99	695	52	700	130	460	50	529
99/99/99	99:99:99	440	51	470	50	532	55	535
99/99/99	99:99:99	695	51	700	128	460	50	529
99/99/99	99:99:99	440	52	470	56	532	56	535
99/99/99	99:99:99	695	51	700	130	460	50	529
99/99/99	99:99:99	440	54	470	56	532	55	535
99/99/99	99:99:99	695	50	700	135	460	50	528
99/99/99	99:99:99	440	53	470	58	532	50	535
99/99/99	99:99:99	695	50	700	141	460	50	529
99/99/99	99:99:99	440	54	470	60	532	51	535
99/99/99	99:99:99	695	50	700	134	460	50	528
99/99/99	99:99:99	440	58	470	57	532	51	535
99/99/99	99:99:99	695	53	700	131	460	52	528
99/99/99	99:99:99	440	55	470	54	532	54	535
99/99/99	99:99:99	440	50	470	55	532	58	535
99/99/99	99:99:99	695	55	700	126	460	50	529
99/99/99	99:99:99	440	47	470	53	532	52	535
99/99/99	99:99:99	695	50	700	127	460	50	528
99/99/99	99:99:99	440	72	470	-47	532	-86	535
99/99/99	99:99:99	695	88	700	124	460	50	529
99/99/99	99:99:99	440	41	470	99	532	-5	535
99/99/99	99:99:99	695	50	700	132	460	30	528
99/99/99	99:99:99	440	85	470	39	532	59	535
99/99/99	99:99:99	695	54	700	129	460	50	528
99/99/99	99:99:99	440	-38	470	129	532	-40	535
99/99/99	99:99:99	695	56	700	208	460	50	528
99/99/99	99:99:99	440	-99	470	115	532	0	535
99/99/99	99:99:99	695	-4	700	1800	460	41	528
99/99/99	99:99:99	440	196	470	207	532	74	535
99/99/99	99:99:99	695	63	700	474	460	50	528
99/99/99	99:99:99	440	32	470	-25	532	6	535
99/99/99	99:99:99	695	50	700	157	460	50	528
99/99/99	99:99:99	440	46	470	86	532	-51	535
99/99/99	99:99:99	695	51	700	568	460	50	528
99/99/99	99:99:99	440	109	470	-149	532	97	535
99/99/99	99:99:99	695	55	700	738	460	50	528
99/99/99	99:99:99	440	-19	470	64	532	-19	535
99/99/99	99:99:99	695	54	700	330	460	50	528
99/99/99	99:99:99	440	-31	470	142	532	-36	535
99/99/99	99:99:99	695	47	700	371	460	50	528
99/99/99	99:99:99	440	45	470	101	532	84	535
99/99/99	99:99:99	695	46	700	221	460	50	528
99/99/99	99:99:99	440	115	470	76	532	87	535
99/99/99	99:99:99	695	50	700	188	460	50	528
99/99/99	99:99:99	440	35	470	6	532	44	535
99/99/99	99:99:99	695	50	700	181	460	50	528
