date	lon	lat	pressure	Wt	Wpt	sal	gamma	oxygen.1	oxygen.2	fluo.r	c
20211118125700	7.8974	43.3661	2	16.136	16.1357	38.0962	28.0998	5.1595	224.127	0.3318	0.1361
20211118125700	7.8974	43.3661	3	16.1313	16.1308	38.0964	28.1011	5.1676	224.476	0.3323	0.1318
20211118125700	7.8974	43.3661	4	16.1274	16.1267	38.0971	28.1026	5.1653	224.376	0.3446	0.1344
20211118125700	7.8974	43.3661	5	16.1201	16.1192	38.0967	28.1041	5.1608	224.18	0.358	0.1362
20211118125700	7.8974	43.3661	6	16.1043	16.1034	38.0958	28.1071	5.1628	224.267	0.3568	0.1313
20211118125700	7.8974	43.3661	7	16.0973	16.0962	38.0959	28.1089	5.1848	225.224	0.3548	0.1338
20211118125700	7.8974	43.3661	8	16.0931	16.0918	38.0956	28.1097	5.1497	223.697	0.3573	0.1377
20211118125700	7.8974	43.3661	9	16.0877	16.0862	38.0956	28.111	5.1699	224.575	0.3637	0.1349
20211118125700	7.8974	43.3661	10	16.0878	16.0862	38.0956	28.111	5.1718	224.657	0.3894	0.1332
20211118125700	7.8974	43.3661	11	16.0814	16.0796	38.0959	28.1128	5.1786	224.953	0.3865	0.1332
20211118125700	7.8974	43.3661	12	16.0707	16.0688	38.0968	28.116	5.1762	224.847	0.3968	0.1338
20211118125700	7.8974	43.3661	13	16.0642	16.0621	38.0973	28.1179	5.1767	224.87	0.4011	0.1321
20211118125700	7.8974	43.3661	14	16.0636	16.0613	38.0971	28.118	5.1685	224.51	0.3984	0.1306
20211118125700	7.8974	43.3661	15	16.0622	16.0597	38.0975	28.1186	5.1657	224.391	0.4029	0.1311
20211118125700	7.8974	43.3661	16	16.0615	16.0589	38.0974	28.1188	5.1858	225.264	0.4097	0.1286
20211118125700	7.8974	43.3661	17	16.0613	16.0585	38.0973	28.1188	5.187	225.317	0.4138	0.1289
20211118125700	7.8974	43.3661	18	16.0622	16.0593	38.0972	28.1185	5.1774	224.901	0.4147	0.1298
20211118125700	7.8974	43.3661	19	16.0564	16.0533	38.0977	28.1203	5.1627	224.258	0.4038	0.1296
20211118125700	7.8974	43.3661	20	16.0504	16.0472	38.0977	28.1218	5.1753	224.805	0.4139	0.128
20211118125700	7.8974	43.3661	21	16.0449	16.0415	38.0976	28.123	5.1719	224.659	0.4159	0.127
20211118125700	7.8974	43.3661	22	16.0452	16.0416	38.0973	28.1228	5.175	224.795	0.4058	0.1262
20211118125700	7.8974	43.3661	23	16.0438	16.0401	38.0974	28.1232	5.1887	225.39	0.3971	0.1266
20211118125700	7.8974	43.3661	24	16.0452	16.0413	38.0973	28.1229	5.1747	224.779	0.4271	0.1258
20211118125700	7.8974	43.3661	25	16.0461	16.0421	38.0971	28.1225	5.1839	225.181	0.4301	0.1257
20211118125700	7.8974	43.3661	26	16.0465	16.0423	38.0971	28.1225	5.1832	225.15	0.4249	0.1259
20211118125700	7.8974	43.3661	27	16.0474	16.043	38.0969	28.1222	5.1827	225.128	0.4321	0.1262
20211118125700	7.8974	43.3661	28	16.0483	16.0438	38.0971	28.1221	5.1884	225.378	0.4148	0.126
20211118125700	7.8974	43.3661	29	16.0477	16.043	38.0971	28.1223	5.1993	225.847	0.4175	0.1256
20211118125700	7.8974	43.3661	30	16.0477	16.0428	38.0971	28.1223	5.1821	225.103	0.4224	0.1257
20211118125700	7.8974	43.3661	31	16.0474	16.0424	38.0969	28.1223	5.19	225.444	0.4245	0.1262
20211118125700	7.8974	43.3661	32	16.0467	16.0416	38.0969	28.1225	5.1874	225.331	0.4349	0.1265
20211118125700	7.8974	43.3661	33	16.0446	16.0393	38.0968	28.123	5.1803	225.024	0.4438	0.1267
20211118125700	7.8974	43.3661	34	16.0396	16.0341	38.0965	28.1239	5.1716	224.645	0.4291	0.1265
20211118125700	7.8974	43.3661	35	16.0374	16.0318	38.097	28.1248	5.1897	225.43	0.4395	0.1277
20211118125700	7.8974	43.3661	36	16.0391	16.0333	38.0975	28.1249	5.19	225.446	0.4395	0.1301
20211118125700	7.8974	43.3661	37	16.0399	16.0339	38.0976	28.1248	5.1817	225.084	0.4401	0.1305
20211118125700	7.8974	43.3661	38	16.0414	16.0353	38.098	28.1248	5.1798	225.001	0.4385	0.1312
20211118125700	7.8974	43.3661	39	16.0416	16.0353	38.0986	28.1252	5.1874	225.331	0.4395	0.1314
20211118125700	7.8974	43.3661	40	16.0409	16.0344	38.0987	28.1255	5.1805	225.031	0.4315	0.1311
20211118125700	7.8974	43.3661	41	16.0351	16.0284	38.0984	28.1267	5.1762	224.843	0.4352	0.1317
20211118125700	7.8974	43.3661	42	16.0215	16.0147	38.0977	28.1294	5.1687	224.52	0.4464	0.1296
20211118125700	7.8974	43.3661	43	16.0103	16.0033	38.095	28.13	5.1745	224.771	0.4432	0.1273
20211118125700	7.8974	43.3661	44	16.0099	16.0028	38.0943	28.1295	5.1683	224.501	0.4379	0.1245
20211118125700	7.8974	43.3661	45	15.9855	15.9782	38.0938	28.1349	5.1448	223.478	0.4434	0.1241
20211118125700	7.8974	43.3661	46	15.9442	15.9368	38.0943	28.145	5.101	221.573	0.419	0.1209
20211118125700	7.8974	43.3661	47	15.6649	15.6574	38.0991	28.2137	5.095	221.297	0.4166	0.1195
20211118125700	7.8974	43.3661	48	15.5821	15.5745	38.0923	28.2275	5.0602	219.786	0.4285	0.1149
20211118125700	7.8974	43.3661	49	15.3198	15.3121	38.0953	28.2899	4.9954	216.959	0.4419	0.1131
20211118125700	7.8974	43.3661	50	14.9237	14.916	38.0896	28.3753	4.9766	216.12	0.4431	0.1106
20211118125700	7.8974	43.3661	51	14.6404	14.6326	38.0913	28.4399	5.0192	217.958	0.4575	0.1104
20211118125700	7.8974	43.3661	52	14.623	14.6151	38.0882	28.4414	5.0131	217.695	0.4602	0.1099
20211118125700	7.8974	43.3661	53	14.5729	14.5648	38.0969	28.4592	5.0156	217.797	0.4694	0.1093
20211118125700	7.8974	43.3661	54	14.5517	14.5435	38.1027	28.4685	5.0141	217.731	0.4783	0.1084
20211118125700	7.8974	43.3661	55	14.5525	14.5441	38.1053	28.4703	5.0105	217.576	0.4815	0.1077
20211118125700	7.8974	43.3661	56	14.5424	14.5339	38.1159	28.4808	5.0064	217.393	0.4805	0.1073
20211118125700	7.8974	43.3661	57	14.5289	14.5203	38.1224	28.4888	5.0098	217.538	0.4744	0.1071
20211118125700	7.8974	43.3661	58	14.5041	14.4953	38.1248	28.4962	5.0134	217.696	0.4656	0.1055
20211118125700	7.8974	43.3661	59	14.5473	14.5384	38.1191	28.4823	4.948	214.859	0.4577	0.1055
20211118125700	7.8974	43.3661	60	14.408	14.3989	38.1469	28.5346	4.9055	213.003	0.4678	0.104
20211118125700	7.8974	43.3661	61	14.3681	14.3589	38.1579	28.5519	4.9085	213.129	0.4462	0.0979
20211118125700	7.8974	43.3661	62	14.3636	14.3543	38.1615	28.5556	4.9377	214.396	0.4177	0.0936
20211118125700	7.8974	43.3661	63	14.3395	14.33	38.1762	28.5723	4.9584	215.292	0.3998	0.093
20211118125700	7.8974	43.3661	64	14.3356	14.326	38.1779	28.5746	4.9008	212.791	0.3795	0.0879
20211118125700	7.8974	43.3661	65	14.283	14.2732	38.1883	28.5941	4.7423	205.904	0.3913	0.0879
20211118125700	7.8974	43.3661	66	14.224	14.2142	38.1844	28.6041	4.6686	202.7	0.374	0.0847
20211118125700	7.8974	43.3661	67	14.1826	14.1726	38.1948	28.6212	4.5744	198.608	0.3673	0.0845
20211118125700	7.8974	43.3661	68	14.1576	14.1475	38.1981	28.6292	4.5645	198.178	0.3523	0.095
20211118125700	7.8974	43.3661	69	14.1412	14.1309	38.1995	28.634	4.563	198.112	0.3504	0.1013
20211118125700	7.8974	43.3661	70	14.1273	14.1169	38.1997	28.6371	4.5702	198.423	0.3483	0.1022
20211118125700	7.8974	43.3661	71	14.1262	14.1156	38.2002	28.6378	4.5673	198.298	0.3496	0.1023
20211118125700	7.8974	43.3661	72	14.1164	14.1056	38.2023	28.6416	4.5527	197.664	0.3532	0.1015
20211118125700	7.8974	43.3661	73	14.1004	14.0895	38.2059	28.6479	4.5421	197.2	0.3483	0.0996
20211118125700	7.8974	43.3661	74	14.0977	14.0866	38.2067	28.6491	4.5545	197.739	0.3395	0.0929
20211118125700	7.8974	43.3661	75	14.0956	14.0844	38.2077	28.6503	4.558	197.89	0.3296	0.0898
20211118125700	7.8974	43.3661	76	14.0948	14.0835	38.2082	28.651	4.5455	197.347	0.3215	0.0876
20211118125700	7.8974	43.3661	77	14.0887	14.0773	38.213	28.656	4.5472	197.422	0.3184	0.0866
20211118125700	7.8974	43.3661	78	14.0818	14.0702	38.2181	28.6615	4.5247	196.442	0.3265	0.0876
20211118125700	7.8974	43.3661	79	14.072	14.0603	38.2246	28.6687	4.5202	196.246	0.3263	0.0847
20211118125700	7.8974	43.3661	80	14.0676	14.0557	38.2271	28.6716	4.5158	196.056	0.3193	0.0788
20211118125700	7.8974	43.3661	81	14.0648	14.0528	38.2282	28.6731	4.4985	195.305	0.3127	0.0772
20211118125700	7.8974	43.3661	82	14.0641	14.0519	38.2288	28.6738	4.5038	195.534	0.3054	0.0747
20211118125700	7.8974	43.3661	83	14.0567	14.0444	38.232	28.6778	4.4921	195.024	0.3174	0.0741
20211118125700	7.8974	43.3661	84	14.0425	14.03	38.2376	28.6853	4.4907	194.964	0.311	0.0728
20211118125700	7.8974	43.3661	85	14.0248	14.0122	38.2439	28.6941	4.4857	194.741	0.3121	0.073
20211118125700	7.8974	43.3661	86	14.0149	14.0021	38.2463	28.6981	4.4845	194.692	0.3043	0.0741
20211118125700	7.8974	43.3661	87	14.0169	14.004	38.2455	28.6971	4.4805	194.518	0.3113	0.075
20211118125700	7.8974	43.3661	88	14.009	13.996	38.2482	28.7009	4.4785	194.429	0.3136	0.0751
20211118125700	7.8974	43.3661	89	14.0059	13.9927	38.2498	28.7028	4.4713	194.118	0.3054	0.076
20211118125700	7.8974	43.3661	90	13.9877	13.9744	38.2666	28.7198	4.4582	193.547	0.2954	0.0762
20211118125700	7.8974	43.3661	91	13.9761	13.9627	38.2764	28.73	4.4557	193.432	0.2922	0.0751
20211118125700	7.8974	43.3661	92	13.9653	13.9517	38.2842	28.7384	4.4547	193.388	0.2825	0.0742
20211118125700	7.8974	43.3661	93	13.9534	13.9397	38.2911	28.7463	4.4702	194.059	0.2732	0.0717
20211118125700	7.8974	43.3661	94	13.9313	13.9174	38.2954	28.7545	4.4852	194.709	0.2705	0.0715
20211118125700	7.8974	43.3661	95	13.9114	13.8974	38.2998	28.7622	4.4951	195.14	0.2977	0.0716
20211118125700	7.8974	43.3661	96	13.9104	13.8962	38.3004	28.7629	4.4951	195.14	0.3113	0.0718
20211118125700	7.8974	43.3661	97	13.9053	13.8909	38.3025	28.7656	4.4803	194.497	0.3099	0.0717
20211118125700	7.8974	43.3661	98	13.8991	13.8847	38.3073	28.7707	4.4611	193.662	0.3173	0.0717
20211118125700	7.8974	43.3661	99	13.8993	13.8847	38.3138	28.7757	4.4625	193.722	0.3035	0.0713
20211118125700	7.8974	43.3661	100	13.9001	13.8853	38.314	28.7758	4.4544	193.37	0.3054	0.0707
20211118125700	7.8974	43.3661	101	13.9007	13.8858	38.315	28.7765	4.4431	192.878	0.2923	0.0707
20211118125700	7.8974	43.3661	102	13.8999	13.8848	38.3194	28.7801	4.4377	192.643	0.2964	0.071
20211118125700	7.8974	43.3661	103	13.8991	13.8839	38.3203	28.781	4.4412	192.797	0.2918	0.0701
20211118125700	7.8974	43.3661	104	13.8979	13.8825	38.3222	28.7827	4.4362	192.577	0.2983	0.0698
20211118125700	7.8974	43.3661	105	13.8948	13.8793	38.3243	28.7851	4.4296	192.291	0.306	0.0694
20211118125700	7.8974	43.3661	106	13.8933	13.8777	38.3252	28.7861	4.4289	192.259	0.3133	0.0695
20211118125700	7.8974	43.3661	107	13.8888	13.873	38.3291	28.7901	4.426	192.133	0.2934	0.0692
20211118125700	7.8974	43.3661	108	13.8802	13.8643	38.3327	28.7948	4.4339	192.476	0.2699	0.0689
20211118125700	7.8974	43.3661	109	13.8797	13.8636	38.3317	28.7942	4.4568	193.468	0.2851	0.0689
20211118125700	7.8974	43.3661	110	13.8365	13.8203	38.3344	28.8056	4.5308	196.682	0.3008	0.0687
20211118125700	7.8974	43.3661	111	13.8008	13.7845	38.3356	28.8142	4.5453	197.306	0.2964	0.0693
20211118125700	7.8974	43.3661	112	13.7956	13.7792	38.3375	28.8168	4.5461	197.341	0.2941	0.0695
20211118125700	7.8974	43.3661	113	13.7859	13.7693	38.3407	28.8214	4.5447	197.28	0.2955	0.0693
20211118125700	7.8974	43.3661	114	13.7765	13.7598	38.3429	28.8252	4.5392	197.042	0.2918	0.0693
20211118125700	7.8974	43.3661	115	13.7751	13.7582	38.3433	28.8258	4.532	196.726	0.3007	0.0685
20211118125700	7.8974	43.3661	116	13.7711	13.7541	38.3445	28.8276	4.5355	196.879	0.2997	0.0679
20211118125700	7.8974	43.3661	117	13.7666	13.7495	38.3478	28.8312	4.5143	195.959	0.2802	0.0677
20211118125700	7.8974	43.3661	118	13.7658	13.7484	38.3513	28.8341	4.5097	195.76	0.2746	0.067
20211118125700	7.8974	43.3661	119	13.7679	13.7504	38.3529	28.835	4.5028	195.461	0.272	0.0666
20211118125700	7.8974	43.3661	120	13.7635	13.7459	38.361	28.8422	4.4987	195.281	0.2845	0.0662
20211118125700	7.8974	43.3661	121	13.7619	13.7441	38.3621	28.8434	4.4896	194.885	0.2768	0.0656
20211118125700	7.8974	43.3661	122	13.7559	13.7379	38.3656	28.8474	4.4697	194.021	0.2913	0.0656
20211118125700	7.8974	43.3661	123	13.7425	13.7244	38.3719	28.8552	4.4733	194.174	0.2853	0.0654
20211118125700	7.8974	43.3661	124	13.7418	13.7236	38.3725	28.8559	4.4663	193.871	0.2749	0.0651
20211118125700	7.8974	43.3661	125	13.7416	13.7232	38.3748	28.8577	4.4617	193.672	0.2759	0.0654
20211118125700	7.8974	43.3661	126	13.7405	13.722	38.3768	28.8595	4.4568	193.457	0.2667	0.0651
20211118125700	7.8974	43.3661	127	13.7401	13.7215	38.381	28.8629	4.4452	192.954	0.2597	0.0651
20211118125700	7.8974	43.3661	128	13.74	13.7212	38.3898	28.8698	4.4315	192.359	0.2468	0.0657
20211118125700	7.8974	43.3661	129	13.7399	13.7209	38.3961	28.8747	4.4254	192.093	0.2589	0.0658
20211118125700	7.8974	43.3661	130	13.7388	13.7197	38.3981	28.8766	4.4218	191.937	0.2694	0.0658
20211118125700	7.8974	43.3661	131	13.7393	13.7201	38.3999	28.8778	4.4113	191.478	0.2839	0.0659
20211118125700	7.8974	43.3661	132	13.7428	13.7234	38.404	28.8803	4.4059	191.242	0.287	0.0659
20211118125700	7.8974	43.3661	133	13.7437	13.7241	38.4048	28.8808	4.396	190.815	0.2768	0.0662
20211118125700	7.8974	43.3661	134	13.7425	13.7229	38.4072	28.8829	4.3932	190.694	0.2897	0.066
20211118125700	7.8974	43.3661	135	13.7406	13.7207	38.409	28.8848	4.3962	190.822	0.281	0.0665
20211118125700	7.8974	43.3661	136	13.7389	13.7189	38.4097	28.8857	4.3901	190.558	0.2735	0.0664
20211118125700	7.8974	43.3661	137	13.7361	13.716	38.4106	28.887	4.3927	190.672	0.2698	0.0664
20211118125700	7.8974	43.3661	138	13.7339	13.7136	38.4125	28.889	4.3899	190.549	0.2751	0.0665
20211118125700	7.8974	43.3661	139	13.7335	13.7131	38.4134	28.8898	4.3833	190.264	0.273	0.0661
20211118125700	7.8974	43.3661	140	13.7319	13.7114	38.4158	28.892	4.3866	190.405	0.2864	0.0663
20211118125700	7.8974	43.3661	141	13.7306	13.7099	38.4183	28.8943	4.3811	190.166	0.2763	0.0666
20211118125700	7.8974	43.3661	142	13.7268	13.706	38.4238	28.8994	4.3462	188.649	0.2845	0.0673
20211118125700	7.8974	43.3661	143	13.721	13.7	38.4314	28.9065	4.341	188.424	0.281	0.0666
20211118125700	7.8974	43.3661	144	13.7203	13.6991	38.4329	28.9079	4.338	188.292	0.2813	0.0668
20211118125700	7.8974	43.3661	145	13.7186	13.6973	38.4355	28.9103	4.3304	187.963	0.2764	0.0668
20211118125700	7.8974	43.3661	146	13.7137	13.6922	38.4401	28.915	4.3233	187.653	0.276	0.0667
20211118125700	7.8974	43.3661	147	13.7109	13.6893	38.4427	28.9176	4.3225	187.619	0.272	0.0666
20211118125700	7.8974	43.3661	148	13.7061	13.6844	38.4466	28.9217	4.3228	187.629	0.2714	0.066
20211118125700	7.8974	43.3661	149	13.7041	13.6822	38.4484	28.9236	4.3238	187.674	0.2669	0.0655
20211118125700	7.8974	43.3661	150	13.7027	13.6807	38.4495	28.9248	4.3218	187.586	0.2674	0.0657
20211118125700	7.8974	43.3661	151	13.7026	13.6804	38.4499	28.9251	4.322	187.593	0.2698	0.0663
20211118125700	7.8974	43.3661	152	13.7012	13.6789	38.4514	28.9266	4.3249	187.72	0.2637	0.0655
20211118125700	7.8974	43.3661	153	13.7008	13.6783	38.4522	28.9273	4.3183	187.433	0.2647	0.065
20211118125700	7.8974	43.3661	154	13.7009	13.6783	38.4529	28.9279	4.3272	187.821	0.2735	0.0652
20211118125700	7.8974	43.3661	155	13.7007	13.678	38.4541	28.9289	4.3211	187.555	0.2586	0.0649
20211118125700	7.8974	43.3661	156	13.7012	13.6783	38.4598	28.9332	4.3151	187.294	0.2692	0.0651
20211118125700	7.8974	43.3661	157	13.703	13.6799	38.4656	28.9374	4.3054	186.871	0.2791	0.0646
20211118125700	7.8974	43.3661	158	13.7063	13.6831	38.4739	28.9431	4.2978	186.54	0.2785	0.0642
20211118125700	7.8974	43.3661	159	13.7073	13.684	38.4745	28.9434	4.3002	186.643	0.2661	0.0645
20211118125700	7.8974	43.3661	160	13.7091	13.6856	38.4757	28.944	4.2909	186.241	0.2669	0.0643
20211118125700	7.8974	43.3661	161	13.7104	13.6868	38.4763	28.9442	4.2882	186.124	0.2714	0.0648
20211118125700	7.8974	43.3661	162	13.7114	13.6876	38.4767	28.9443	4.2952	186.428	0.261	0.0642
20211118125700	7.8974	43.3661	163	13.7154	13.6914	38.4775	28.9442	4.283	185.899	0.2604	0.0643
20211118125700	7.8974	43.3661	164	13.717	13.6929	38.4781	28.9443	4.2767	185.625	0.2532	0.0642
20211118125700	7.8974	43.3661	165	13.7264	13.7022	38.4803	28.944	4.2338	183.763	0.246	0.0641
20211118125700	7.8974	43.3661	166	13.7675	13.743	38.503	28.9528	4.2129	182.852	0.2538	0.0636
20211118125700	7.8974	43.3661	167	13.7834	13.7588	38.5115	28.956	4.1928	181.98	0.271	0.0621
20211118125700	7.8974	43.3661	168	13.7872	13.7624	38.5137	28.9569	4.1886	181.799	0.2526	0.062
20211118125700	7.8974	43.3661	169	13.7845	13.7596	38.513	28.957	4.1963	182.135	0.2461	0.0609
20211118125700	7.8974	43.3661	170	13.7877	13.7626	38.5135	28.9568	4.1831	181.561	0.2449	0.0611
20211118125700	7.8974	43.3661	171	13.7906	13.7653	38.5157	28.9579	4.1712	181.043	0.2472	0.0606
20211118125700	7.8974	43.3661	172	13.7934	13.7681	38.5172	28.9584	4.169	180.95	0.2555	0.0606
20211118125700	7.8974	43.3661	173	13.7941	13.7685	38.5175	28.9586	4.172	181.076	0.2505	0.0604
20211118125700	7.8974	43.3661	174	13.7942	13.7685	38.5175	28.9586	4.1704	181.006	0.2331	0.06
20211118125700	7.8974	43.3661	175	13.794	13.7682	38.5184	28.9593	4.1756	181.234	0.2351	0.0603
20211118125700	7.8974	43.3661	176	13.7938	13.7678	38.5208	28.9613	4.1692	180.956	0.2296	0.0602
20211118125700	7.8974	43.3661	177	13.795	13.7688	38.524	28.9635	4.171	181.034	0.2241	0.0603
20211118125700	7.8974	43.3661	178	13.7951	13.7688	38.5234	28.963	4.1673	180.873	0.2339	0.0603
20211118125700	7.8974	43.3661	179	13.7953	13.7689	38.5265	28.9655	4.1707	181.019	0.2419	0.0603
20211118125700	7.8974	43.3661	180	13.7946	13.768	38.5264	28.9656	4.1621	180.645	0.2403	0.0601
20211118125700	7.8974	43.3661	181	13.7901	13.7634	38.5278	28.9676	4.1588	180.506	0.2346	0.0598
20211118125700	7.8974	43.3661	182	13.7743	13.7474	38.5288	28.9718	4.1716	181.059	0.2362	0.06
20211118125700	7.8974	43.3661	183	13.7683	13.7413	38.5283	28.9728	4.1606	180.579	0.2439	0.06
20211118125700	7.8974	43.3661	184	13.7613	13.7342	38.5298	28.9755	4.1552	180.345	0.2399	0.0602
20211118125700	7.8974	43.3661	185	13.759	13.7318	38.5311	28.977	4.162	180.642	0.2369	0.0597
20211118125700	7.8974	43.3661	186	13.7639	13.7365	38.5332	28.9776	4.148	180.033	0.232	0.0602
20211118125700	7.8974	43.3661	187	13.7697	13.7421	38.5368	28.9792	4.1468	179.982	0.2235	0.0602
20211118125700	7.8974	43.3661	188	13.7707	13.743	38.5374	28.9795	4.1441	179.861	0.2298	0.0596
20211118125700	7.8974	43.3661	189	13.7763	13.7484	38.539	28.9796	4.1366	179.536	0.2422	0.06
20211118125700	7.8974	43.3661	190	13.7824	13.7544	38.5424	28.9809	4.1248	179.023	0.228	0.0598
20211118125700	7.8974	43.3661	191	13.7845	13.7563	38.5434	28.9812	4.1139	178.554	0.2198	0.0593
20211118125700	7.8974	43.3661	192	13.7861	13.7577	38.5441	28.9815	4.1205	178.84	0.2188	0.0597
20211118125700	7.8974	43.3661	193	13.7905	13.762	38.5449	28.9812	4.1107	178.412	0.2349	0.06
20211118125700	7.8974	43.3661	194	13.8	13.7714	38.5492	28.9826	4.1021	178.039	0.2182	0.0593
20211118125700	7.8974	43.3661	195	13.8076	13.7787	38.5523	28.9833	4.0939	177.684	0.2211	0.0592
20211118125700	7.8974	43.3661	196	13.8122	13.7832	38.5545	28.9841	4.089	177.47	0.2282	0.059
20211118125700	7.8974	43.3661	197	13.8192	13.7901	38.5567	28.9843	4.0759	176.903	0.2187	0.0587
20211118125700	7.8974	43.3661	198	13.8293	13.8	38.5603	28.985	4.0688	176.593	0.2316	0.059
20211118125700	7.8974	43.3661	199	13.8444	13.8149	38.5652	28.9855	4.0492	175.742	0.2274	0.0585
20211118125700	7.8974	43.3661	200	13.8569	13.8273	38.5701	28.9867	4.045	175.562	0.2426	0.0587
20211118125700	7.8974	43.3661	201	13.8756	13.8457	38.5751	28.9866	4.0285	174.846	0.2475	0.0584
20211118125700	7.8974	43.3661	202	13.8999	13.8699	38.5852	28.9892	4.0063	173.881	0.246	0.0579
20211118125700	7.8974	43.3661	203	13.9119	13.8817	38.5905	28.9907	3.9851	172.963	0.2346	0.0577
20211118125700	7.8974	43.3661	204	13.9305	13.9001	38.5975	28.9922	3.9672	172.182	0.2262	0.0581
20211118125700	7.8974	43.3661	205	13.9401	13.9096	38.6035	28.9947	3.9531	171.57	0.2209	0.0574
20211118125700	7.8974	43.3661	206	13.9314	13.9008	38.6042	28.9972	3.9636	172.027	0.2105	0.0571
20211118125700	7.8974	43.3661	207	13.9236	13.8928	38.6028	28.9978	3.9642	172.051	0.2064	0.0573
20211118125700	7.8974	43.3661	208	13.9179	13.8869	38.602	28.9985	3.9606	171.897	0.2214	0.0573
20211118125700	7.8974	43.3661	209	13.8956	13.8645	38.5993	29.0013	3.9586	171.81	0.2144	0.0572
20211118125700	7.8974	43.3661	210	13.8884	13.8572	38.5979	29.0017	3.9554	171.67	0.2089	0.057
20211118125700	7.8974	43.3661	211	13.8852	13.8538	38.5973	29.002	3.9575	171.761	0.2248	0.0573
20211118125700	7.8974	43.3661	212	13.8789	13.8474	38.5971	29.0033	3.962	171.957	0.2264	0.0577
20211118125700	7.8974	43.3661	213	13.8759	13.8443	38.5972	29.004	3.9537	171.595	0.2274	0.0579
20211118125700	7.8974	43.3661	214	13.8748	13.8431	38.5981	29.0049	3.9466	171.289	0.2238	0.0575
20211118125700	7.8974	43.3661	215	13.8705	13.8386	38.5984	29.0062	3.9454	171.233	0.2272	0.0577
20211118125700	7.8974	43.3661	216	13.8667	13.8346	38.5988	29.0073	3.9481	171.353	0.2339	0.0579
20211118125700	7.8974	43.3661	217	13.862	13.8298	38.5992	29.0087	3.9475	171.323	0.2324	0.0575
20211118125700	7.8974	43.3661	218	13.8621	13.8298	38.6007	29.0098	3.9378	170.905	0.2224	0.0578
20211118125700	7.8974	43.3661	219	13.8618	13.8293	38.6019	29.0108	3.9285	170.499	0.2278	0.0573
20211118125700	7.8974	43.3661	220	13.8595	13.8268	38.6031	29.0123	3.9173	170.013	0.2232	0.0579
20211118125700	7.8974	43.3661	221	13.8585	13.8258	38.6033	29.0127	3.9225	170.238	0.2249	0.0575
20211118125700	7.8974	43.3661	222	13.8595	13.8266	38.6029	29.0122	3.9354	170.798	0.2165	0.058
20211118125700	7.8974	43.3661	223	13.859	13.8259	38.6032	29.0126	3.9327	170.683	0.2223	0.058
20211118125700	7.8974	43.3661	224	13.8595	13.8263	38.6032	29.0125	3.934	170.74	0.2264	0.0579
20211118125700	7.8974	43.3661	225	13.8582	13.8248	38.6032	29.0129	3.9407	171.03	0.2421	0.0581
20211118125700	7.8974	43.3661	226	13.8582	13.8246	38.6031	29.0128	3.9434	171.148	0.2333	0.0579
20211118125700	7.8974	43.3661	227	13.8598	13.8262	38.6033	29.0126	3.9357	170.811	0.2368	0.057
20211118125700	7.8974	43.3661	228	13.8609	13.827	38.604	29.013	3.9287	170.509	0.2294	0.0574
20211118125700	7.8974	43.3661	229	13.8573	13.8233	38.6042	29.014	3.9197	170.117	0.2271	0.0577
20211118125700	7.8974	43.3661	230	13.845	13.8109	38.6036	29.0161	3.9281	170.481	0.2286	0.0574
20211118125700	7.8974	43.3661	231	13.8402	13.8059	38.6023	29.0162	3.9299	170.561	0.2329	0.0577
20211118125700	7.8974	43.3661	232	13.8366	13.8022	38.6021	29.0169	3.9231	170.267	0.2192	0.0584
20211118125700	7.8974	43.3661	233	13.8734	13.8388	38.6134	29.0177	3.8936	168.985	0.2283	0.0579
20211118125700	7.8974	43.3661	234	13.8957	13.8609	38.6215	29.0192	3.8814	168.456	0.228	0.0577
20211118125700	7.8974	43.3661	235	13.9264	13.8914	38.6324	29.0211	3.8721	168.05	0.2311	0.0572
20211118125700	7.8974	43.3661	236	13.9361	13.9009	38.6379	29.0233	3.8476	166.988	0.2185	0.0564
20211118125700	7.8974	43.3661	237	13.9569	13.9216	38.6433	29.023	3.8452	166.884	0.2483	0.056
20211118125700	7.8974	43.3661	238	13.9621	13.9265	38.6467	29.0246	3.8478	166.994	0.2482	0.0562
20211118125700	7.8974	43.3661	239	13.9587	13.9231	38.6457	29.0245	3.8514	167.152	0.2269	0.0561
20211118125700	7.8974	43.3661	240	13.9619	13.9261	38.648	29.0257	3.8428	166.78	0.2195	0.0558
20211118125700	7.8974	43.3661	241	13.9606	13.9247	38.6484	29.0262	3.8418	166.734	0.2203	0.0557
20211118125700	7.8974	43.3661	242	13.9548	13.9187	38.6482	29.0274	3.8368	166.516	0.2388	0.056
20211118125700	7.8974	43.3661	243	13.9449	13.9086	38.6456	29.0276	3.8402	166.665	0.2401	0.056
20211118125700	7.8974	43.3661	244	13.9355	13.8991	38.6434	29.028	3.8419	166.741	0.2249	0.0557
20211118125700	7.8974	43.3661	245	13.9279	13.8914	38.6411	29.0278	3.8459	166.912	0.2169	0.0553
20211118125700	7.8974	43.3661	246	13.9274	13.8908	38.6409	29.0278	3.8531	167.223	0.23	0.0556
20211118125700	7.8974	43.3661	247	13.9282	13.8914	38.6411	29.0278	3.8507	167.123	0.2214	0.0557
20211118125700	7.8974	43.3661	248	13.9292	13.8922	38.6415	29.0279	3.8477	166.99	0.2158	0.0558
20211118125700	7.8974	43.3661	249	13.9307	13.8936	38.6423	29.0283	3.8469	166.954	0.2154	0.0554
20211118125700	7.8974	43.3661	250	13.9332	13.8959	38.6432	29.0285	3.8418	166.733	0.2252	0.0557
20211118125700	7.8974	43.3661	251	13.9397	13.9023	38.6463	29.0295	3.8398	166.647	0.2235	0.0558
20211118125700	7.8974	43.3661	252	13.9399	13.9023	38.647	29.0301	3.8357	166.47	0.2215	0.0557
20211118125700	7.8974	43.3661	253	13.9385	13.9007	38.6472	29.0306	3.8345	166.419	0.236	0.0559
20211118125700	7.8974	43.3661	254	13.9326	13.8948	38.6468	29.0315	3.8332	166.359	0.2275	0.0561
20211118125700	7.8974	43.3661	255	13.9321	13.8941	38.6465	29.0314	3.8336	166.379	0.2333	0.0561
20211118125700	7.8974	43.3661	256	13.9307	13.8925	38.6466	29.0319	3.8284	166.153	0.2336	0.0561
20211118125700	7.8974	43.3661	257	13.93	13.8917	38.6468	29.0322	3.8338	166.389	0.2248	0.0559
20211118125700	7.8974	43.3661	258	13.929	13.8905	38.6473	29.0328	3.8191	165.75	0.2168	0.0558
20211118125700	7.8974	43.3661	259	13.9319	13.8933	38.6485	29.0331	3.8132	165.493	0.223	0.0559
20211118125700	7.8974	43.3661	260	13.9412	13.9024	38.6523	29.0341	3.8061	165.182	0.2359	0.056
20211118125700	7.8974	43.3661	261	13.9463	13.9073	38.6549	29.0351	3.8062	165.19	0.227	0.056
20211118125700	7.8974	43.3661	262	13.9531	13.914	38.6578	29.0359	3.8125	165.461	0.2339	0.0561
20211118125700	7.8974	43.3661	263	13.9553	13.916	38.659	29.0363	3.8062	165.19	0.2206	0.0557
20211118125700	7.8974	43.3661	264	13.9592	13.9198	38.6608	29.037	3.8016	164.987	0.2303	0.056
20211118125700	7.8974	43.3661	265	13.9611	13.9215	38.6619	29.0374	3.8055	165.157	0.2269	0.0559
20211118125700	7.8974	43.3661	266	13.9597	13.92	38.6618	29.0377	3.8032	165.058	0.2354	0.0561
20211118125700	7.8974	43.3661	267	13.9577	13.9179	38.6622	29.0385	3.7929	164.611	0.2491	0.0559
20211118125700	7.8974	43.3661	268	13.9589	13.9188	38.6632	29.039	3.794	164.659	0.2298	0.0558
20211118125700	7.8974	43.3661	269	13.9635	13.9234	38.6652	29.0396	3.7884	164.416	0.2261	0.0558
20211118125700	7.8974	43.3661	270	13.9637	13.9234	38.6656	29.0399	3.784	164.223	0.2249	0.0559
20211118125700	7.8974	43.3661	271	13.9638	13.9233	38.6653	29.0397	3.7825	164.161	0.2195	0.0557
20211118125700	7.8974	43.3661	272	13.9647	13.9241	38.6658	29.0399	3.7774	163.937	0.2157	0.0561
20211118125700	7.8974	43.3661	273	13.9652	13.9244	38.6659	29.0399	3.7854	164.285	0.203	0.0558
20211118125700	7.8974	43.3661	274	13.9663	13.9254	38.6662	29.0399	3.7796	164.034	0.2067	0.0556
20211118125700	7.8974	43.3661	275	13.9674	13.9263	38.6664	29.0399	3.7768	163.913	0.2094	0.056
20211118125700	7.8974	43.3661	276	13.97	13.9287	38.6679	29.0405	3.7805	164.071	0.217	0.0559
20211118125700	7.8974	43.3661	277	13.9705	13.9291	38.6682	29.0406	3.7804	164.066	0.2163	0.056
20211118125700	7.8974	43.3661	278	13.9714	13.9298	38.6687	29.0409	3.778	163.965	0.2209	0.0559
20211118125700	7.8974	43.3661	279	13.9666	13.9249	38.6681	29.0415	3.7788	163.999	0.2252	0.0561
20211118125700	7.8974	43.3661	280	13.9549	13.9131	38.6658	29.0423	3.7784	163.981	0.229	0.056
20211118125700	7.8974	43.3661	281	13.9475	13.9056	38.664	29.0425	3.7664	163.46	0.2203	0.056
20211118125700	7.8974	43.3661	282	13.9352	13.8931	38.6615	29.0432	3.7662	163.449	0.218	0.0562
20211118125700	7.8974	43.3661	283	13.9237	13.8815	38.6589	29.0438	3.7747	163.819	0.2239	0.0563
20211118125700	7.8974	43.3661	284	13.9136	13.8712	38.6563	29.044	3.7848	164.257	0.2262	0.0562
20211118125700	7.8974	43.3661	285	13.9104	13.8679	38.6557	29.0442	3.7839	164.218	0.2134	0.0561
20211118125700	7.8974	43.3661	286	13.9103	13.8677	38.6553	29.044	3.7782	163.973	0.2142	0.0563
20211118125700	7.8974	43.3661	287	13.905	13.8622	38.6544	29.0445	3.7778	163.957	0.2316	0.0564
20211118125700	7.8974	43.3661	288	13.9002	13.8573	38.6533	29.0447	3.7828	164.171	0.2152	0.0563
20211118125700	7.8974	43.3661	289	13.8945	13.8515	38.6522	29.0451	3.7812	164.101	0.2213	0.0565
20211118125700	7.8974	43.3661	290	13.894	13.8508	38.6514	29.0446	3.7702	163.624	0.2283	0.0564
20211118125700	7.8974	43.3661	291	13.902	13.8587	38.6539	29.0448	3.768	163.531	0.2222	0.0565
20211118125700	7.8974	43.3661	292	13.9081	13.8646	38.6588	29.0473	3.7645	163.377	0.2297	0.0561
20211118125700	7.8974	43.3661	293	13.8944	13.8507	38.6582	29.0499	3.7732	163.753	0.2233	0.0557
20211118125700	7.8974	43.3661	294	13.8872	13.8435	38.6558	29.0496	3.7725	163.724	0.2256	0.056
20211118125700	7.8974	43.3661	295	13.8863	13.8423	38.6554	29.0495	3.7674	163.501	0.2246	0.0559
20211118125700	7.8974	43.3661	296	13.8846	13.8405	38.655	29.0496	3.7693	163.583	0.2197	0.0561
20211118125700	7.8974	43.3661	297	13.8803	13.8361	38.6538	29.0496	3.7768	163.911	0.2159	0.0555
20211118125700	7.8974	43.3661	298	13.8817	13.8373	38.6537	29.0493	3.7739	163.784	0.21	0.0558
20211118125700	7.8974	43.3661	299	13.8793	13.8348	38.6538	29.0499	3.777	163.921	0.2181	0.0556
20211118125700	7.8974	43.3661	300	13.8782	13.8335	38.6531	29.0496	3.7727	163.731	0.2136	0.0557
20211118125700	7.8974	43.3661	301	13.8752	13.8304	38.6528	29.05	3.7755	163.853	0.2225	0.0558
20211118125700	7.8974	43.3661	302	13.8704	13.8254	38.6517	29.0503	3.7732	163.756	0.211	0.0556
20211118125700	7.8974	43.3661	303	13.8627	13.8176	38.6505	29.051	3.7647	163.386	0.217	0.0554
20211118125700	7.8974	43.3661	304	13.856	13.8107	38.6491	29.0515	3.7763	163.891	0.2412	0.0562
20211118125700	7.8974	43.3661	305	13.855	13.8097	38.6493	29.0518	3.7806	164.077	0.2285	0.0558
20211118125700	7.8974	43.3661	306	13.8557	13.8102	38.6493	29.0517	3.7776	163.946	0.2202	0.0556
20211118125700	7.8974	43.3661	307	13.8466	13.801	38.6483	29.053	3.7731	163.748	0.2075	0.0556
20211118125700	7.8974	43.3661	308	13.8413	13.7955	38.6468	29.0529	3.7794	164.022	0.2034	0.0554
20211118125700	7.8974	43.3661	309	13.8373	13.7913	38.6459	29.0531	3.7848	164.258	0.2019	0.0554
20211118125700	7.8974	43.3661	310	13.8357	13.7896	38.6451	29.0529	3.7762	163.883	0.2156	0.0555
20211118125700	7.8974	43.3661	311	13.8343	13.7881	38.645	29.0532	3.778	163.96	0.2217	0.0553
20211118125700	7.8974	43.3661	312	13.8266	13.7802	38.6428	29.0531	3.785	164.267	0.224	0.0559
20211118125700	7.8974	43.3661	313	13.8261	13.7796	38.6427	29.0532	3.7838	164.216	0.219	0.0554
20211118125700	7.8974	43.3661	314	13.8238	13.7771	38.6421	29.0533	3.7899	164.48	0.2214	0.0555
20211118125700	7.8974	43.3661	315	13.8248	13.778	38.6421	29.0531	3.7925	164.592	0.2307	0.0559
20211118125700	7.8974	43.3661	316	13.8188	13.7718	38.6407	29.0533	3.7887	164.425	0.2261	0.0558
20211118125700	7.8974	43.3661	317	13.8183	13.7712	38.6406	29.0534	3.7796	164.03	0.2292	0.0554
20211118125700	7.8974	43.3661	318	13.816	13.7687	38.6404	29.0538	3.7953	164.712	0.2206	0.0554
20211118125700	7.8974	43.3661	319	13.8133	13.7659	38.6395	29.0537	3.7907	164.512	0.2156	0.0556
20211118125700	7.8974	43.3661	320	13.8099	13.7624	38.6401	29.0549	3.7933	164.626	0.2253	0.0558
20211118125700	7.8974	43.3661	321	13.8063	13.7586	38.6399	29.0555	3.7865	164.328	0.232	0.0559
20211118125700	7.8974	43.3661	322	13.8055	13.7577	38.64	29.0558	3.7826	164.159	0.2173	0.0584
20211118125700	7.8974	43.3661	323	13.8077	13.7597	38.6413	29.0564	3.7854	164.285	0.2255	0.0559
20211118125700	7.8974	43.3661	324	13.808	13.7599	38.6419	29.0568	3.777	163.919	0.2219	0.0553
20211118125700	7.8974	43.3661	325	13.8109	13.7626	38.6437	29.0576	3.7758	163.866	0.2108	0.0553
20211118125700	7.8974	43.3661	326	13.8122	13.7638	38.6443	29.0579	3.7838	164.212	0.2177	0.0555
20211118125700	7.8974	43.3661	327	13.8134	13.7649	38.6449	29.0581	3.7729	163.742	0.2179	0.0556
20211118125700	7.8974	43.3661	328	13.8135	13.7647	38.6453	29.0584	3.7738	163.779	0.2155	0.0556
20211118125700	7.8974	43.3661	329	13.8158	13.7669	38.6461	29.0585	3.7765	163.897	0.216	0.0553
20211118125700	7.8974	43.3661	330	13.8185	13.7694	38.6471	29.0588	3.7741	163.793	0.2175	0.0557
20211118125700	7.8974	43.3661	331	13.8215	13.7723	38.6482	29.059	3.77	163.613	0.1954	0.0555
20211118125700	7.8974	43.3661	332	13.8244	13.7751	38.6495	29.0595	3.7632	163.319	0.1948	0.0557
20211118125700	7.8974	43.3661	333	13.8279	13.7784	38.6504	29.0594	3.7586	163.119	0.2099	0.0553
20211118125700	7.8974	43.3661	334	13.8309	13.7812	38.6519	29.06	3.753	162.878	0.2205	0.0554
20211118125700	7.8974	43.3661	335	13.8317	13.7818	38.6521	29.06	3.7555	162.985	0.232	0.0552
20211118125700	7.8974	43.3661	336	13.833	13.783	38.6528	29.0603	3.7474	162.631	0.2168	0.0552
20211118125700	7.8974	43.3661	337	13.8335	13.7833	38.6532	29.0605	3.7365	162.158	0.2352	0.0548
20211118125700	7.8974	43.3661	338	13.8335	13.7832	38.6536	29.0608	3.7417	162.385	0.2121	0.055
20211118125700	7.8974	43.3661	339	13.8338	13.7833	38.6536	29.0608	3.7325	161.986	0.224	0.0551
20211118125700	7.8974	43.3661	340	13.8336	13.783	38.6538	29.0611	3.732	161.964	0.2293	0.0549
20211118125700	7.8974	43.3661	341	13.8335	13.7827	38.6539	29.0612	3.73	161.879	0.2257	0.0549
20211118125700	7.8974	43.3661	342	13.8333	13.7824	38.6541	29.0615	3.7212	161.494	0.2186	0.0549
20211118125700	7.8974	43.3661	343	13.8336	13.7826	38.6544	29.0616	3.7267	161.736	0.2341	0.0547
20211118125700	7.8974	43.3661	344	13.8339	13.7827	38.6545	29.0616	3.7242	161.625	0.2359	0.0546
20211118125700	7.8974	43.3661	345	13.8339	13.7826	38.6546	29.0618	3.7342	162.059	0.2191	0.0548
20211118125700	7.8974	43.3661	346	13.8338	13.7823	38.6549	29.0621	3.7287	161.82	0.2262	0.0552
20211118125700	7.8974	43.3661	347	13.8341	13.7824	38.6556	29.0626	3.7256	161.684	0.2332	0.0548
20211118125700	7.8974	43.3661	348	13.8338	13.7821	38.6556	29.0627	3.714	161.184	0.2148	0.0562
20211118125700	7.8974	43.3661	349	13.8334	13.7815	38.6558	29.0629	3.7047	160.781	0.2243	0.0567
20211118125700	7.8974	43.3661	350	13.832	13.7799	38.656	29.0634	3.7044	160.767	0.2205	0.0548
20211118125700	7.8974	43.3661	351	13.8311	13.7788	38.656	29.0637	3.6946	160.339	0.211	0.0546
20211118125700	7.8974	43.3661	352	13.8296	13.7772	38.6564	29.0644	3.6873	160.025	0.2073	0.055
20211118125700	7.8974	43.3661	353	13.8288	13.7763	38.6564	29.0646	3.6906	160.169	0.2094	0.0546
20211118125700	7.8974	43.3661	354	13.8292	13.7765	38.6562	29.0644	3.6878	160.044	0.2152	0.0549
20211118125700	7.8974	43.3661	355	13.8283	13.7755	38.6566	29.0648	3.6852	159.933	0.2219	0.0549
20211118125700	7.8974	43.3661	356	13.8258	13.7728	38.6567	29.0655	3.6755	159.51	0.2161	0.0549
20211118125700	7.8974	43.3661	357	13.8258	13.7727	38.6571	29.0658	3.6691	159.233	0.2123	0.0549
20211118125700	7.8974	43.3661	358	13.8256	13.7723	38.6572	29.066	3.6731	159.408	0.2048	0.0547
20211118125700	7.8974	43.3661	359	13.8256	13.7721	38.6578	29.0665	3.6658	159.09	0.2151	0.055
20211118125700	7.8974	43.3661	360	13.8253	13.7718	38.6578	29.0666	3.6588	158.786	0.2242	0.055
20211118125700	7.8974	43.3661	361	13.8239	13.7702	38.6579	29.067	3.6606	158.866	0.2412	0.0548
20211118125700	7.8974	43.3661	362	13.8239	13.77	38.6582	29.0673	3.6563	158.678	0.2272	0.0549
20211118125700	7.8974	43.3661	363	13.8233	13.7693	38.6583	29.0675	3.6476	158.301	0.215	0.0549
20211118125700	7.8974	43.3661	364	13.8234	13.7692	38.6589	29.068	3.6474	158.29	0.2113	0.0546
20211118125700	7.8974	43.3661	365	13.8236	13.7693	38.6592	29.0682	3.6517	158.477	0.2103	0.0545
20211118125700	7.8974	43.3661	366	13.8235	13.7691	38.6594	29.0684	3.6482	158.325	0.2074	0.0548
20211118125700	7.8974	43.3661	367	13.8231	13.7684	38.6596	29.0687	3.6507	158.433	0.2156	0.055
20211118125700	7.8974	43.3661	368	13.8227	13.7679	38.6596	29.0688	3.6518	158.481	0.2148	0.055
20211118125700	7.8974	43.3661	369	13.8228	13.7679	38.6595	29.0687	3.6542	158.589	0.2165	0.0548
20211118125700	7.8974	43.3661	370	13.822	13.7669	38.6596	29.069	3.6494	158.377	0.2221	0.0547
20211118125700	7.8974	43.3661	371	13.8215	13.7663	38.6597	29.0693	3.6507	158.433	0.2278	0.0548
20211118125700	7.8974	43.3661	372	13.8206	13.7652	38.6599	29.0696	3.6451	158.193	0.2212	0.0549
20211118125700	7.8974	43.3661	373	13.82	13.7644	38.6605	29.0702	3.6393	157.938	0.2153	0.0546
20211118125700	7.8974	43.3661	374	13.8199	13.7642	38.6606	29.0704	3.6403	157.984	0.2089	0.0547
20211118125700	7.8974	43.3661	375	13.819	13.7632	38.6605	29.0706	3.6402	157.979	0.2192	0.0547
20211118125700	7.8974	43.3661	376	13.8187	13.7628	38.6605	29.0706	3.643	158.098	0.2116	0.0549
20211118125700	7.8974	43.3661	377	13.8184	13.7623	38.6606	29.0708	3.6253	157.333	0.2213	0.055
20211118125700	7.8974	43.3661	378	13.8187	13.7625	38.6606	29.0708	3.6268	157.396	0.2161	0.055
20211118125700	7.8974	43.3661	379	13.8179	13.7614	38.6608	29.0711	3.6287	157.481	0.2253	0.055
20211118125700	7.8974	43.3661	380	13.8154	13.7588	38.6605	29.0715	3.637	157.842	0.2233	0.0556
20211118125700	7.8974	43.3661	381	13.8139	13.7572	38.6602	29.0716	3.6412	158.022	0.2136	0.0548
20211118125700	7.8974	43.3661	382	13.8089	13.752	38.6596	29.0722	3.6364	157.812	0.2198	0.055
20211118125700	7.8974	43.3661	383	13.8069	13.7498	38.6591	29.0723	3.6368	157.83	0.2302	0.0546
20211118125700	7.8974	43.3661	384	13.8018	13.7446	38.6586	29.073	3.6408	158.005	0.225	0.0548
20211118125700	7.8974	43.3661	385	13.8007	13.7434	38.658	29.0729	3.6382	157.891	0.2271	0.0551
20211118125700	7.8974	43.3661	386	13.8005	13.743	38.6579	29.0729	3.6337	157.696	0.2065	0.0551
20211118125700	7.8974	43.3661	387	13.7997	13.7422	38.6578	29.0729	3.6365	157.819	0.2158	0.055
20211118125700	7.8974	43.3661	388	13.7999	13.7422	38.6578	29.0729	3.6378	157.874	0.2153	0.055
20211118125700	7.8974	43.3661	389	13.7997	13.7418	38.6577	29.0729	3.6344	157.728	0.2193	0.0548
20211118125700	7.8974	43.3661	390	13.799	13.7409	38.6576	29.0731	3.6372	157.847	0.2175	0.0548
20211118125700	7.8974	43.3661	391	13.7984	13.7402	38.6575	29.0732	3.637	157.838	0.2149	0.0548
20211118125700	7.8974	43.3661	392	13.7986	13.7403	38.6574	29.0731	3.6461	158.236	0.216	0.0553
20211118125700	7.8974	43.3661	393	13.7972	13.7388	38.6574	29.0734	3.6434	158.116	0.2225	0.0554
20211118125700	7.8974	43.3661	394	13.7957	13.7371	38.6569	29.0734	3.6366	157.824	0.215	0.0552
20211118125700	7.8974	43.3661	395	13.7944	13.7356	38.6568	29.0736	3.636	157.798	0.2291	0.055
20211118125700	7.8974	43.3661	396	13.7924	13.7335	38.6565	29.0738	3.6406	157.994	0.209	0.055
20211118125700	7.8974	43.3661	397	13.7902	13.7312	38.6559	29.0738	3.6401	157.975	0.2108	0.0552
20211118125700	7.8974	43.3661	398	13.7812	13.722	38.6554	29.0755	3.6363	157.808	0.2251	0.0549
20211118125700	7.8974	43.3661	399	13.7747	13.7154	38.6536	29.0755	3.6397	157.958	0.2235	0.0548
20211118125700	7.8974	43.3661	400	13.7737	13.7142	38.6532	29.0754	3.648	158.318	0.2271	0.0548
20211118125700	7.8974	43.3661	401	13.7717	13.7121	38.6529	29.0756	3.6412	158.023	0.2294	0.055
20211118125700	7.8974	43.3661	402	13.7706	13.7109	38.6527	29.0757	3.6277	157.436	0.2403	0.0548
20211118125700	7.8974	43.3661	403	13.7697	13.7098	38.6525	29.0758	3.6215	157.169	0.2206	0.0549
20211118125700	7.8974	43.3661	404	13.7679	13.7078	38.6524	29.0761	0	0	0.2254	0.0548
20211118125700	7.8974	43.3661	405	13.7679	13.7077	38.6522	29.076	0	0	0.2359	0.0548
20211118145630	7.895	43.3643666666667	3	16.1544	16.1539	38.109	28.1054	5.1978	225.788	0.4047	0.13995
20211118145630	7.895	43.3643666666667	4	16.1475	16.1468	38.1088	28.1069	5.2033	226.026	0.4267	0.13755
20211118145630	7.895	43.3643666666667	5	16.1452	16.1443	38.1091	28.1077	5.2047	226.085	0.4282	0.14085
20211118145630	7.895	43.3643666666667	6	16.1445	16.1436	38.1093	28.108	5.2145	226.514	0.4291	0.13605
20211118145630	7.895	43.3643666666667	7	16.144	16.1429	38.1091	28.1081	5.2162	226.585	0.43	0.13795
20211118145630	7.895	43.3643666666667	8	16.1431	16.1418	38.1093	28.1084	5.2062	226.151	0.4033	0.13565
20211118145630	7.895	43.3643666666667	9	16.1433	16.1418	38.1093	28.1084	5.2176	226.646	0.408	0.13595
20211118145630	7.895	43.3643666666667	10	16.1451	16.1434	38.1094	28.1081	5.2082	226.24	0.4306	0.13495
20211118145630	7.895	43.3643666666667	11	16.1356	16.1338	38.1084	28.1097	5.2189	226.704	0.4343	0.13605
20211118145630	7.895	43.3643666666667	12	16.1253	16.1234	38.1076	28.1115	5.2301	227.189	0.4402	0.13545
20211118145630	7.895	43.3643666666667	13	16.1251	16.123	38.1075	28.1115	5.2269	227.052	0.4409	0.13605
20211118145630	7.895	43.3643666666667	14	16.1095	16.1073	38.1051	28.1133	5.216	226.579	0.4467	0.13585
20211118145630	7.895	43.3643666666667	15	16.088	16.0856	38.1025	28.1165	5.21	226.318	0.4425	0.13605
20211118145630	7.895	43.3643666666667	16	16.0747	16.0722	38.1012	28.1186	5.2156	226.559	0.4441	0.13595
20211118145630	7.895	43.3643666666667	17	16.0681	16.0653	38.1006	28.1198	5.223	226.88	0.4628	0.13795
20211118145630	7.895	43.3643666666667	18	16.0621	16.0592	38.1005	28.1211	5.228	227.096	0.4614	0.13755
20211118145630	7.895	43.3643666666667	19	16.0608	16.0577	38.1006	28.1215	5.212	226.401	0.4406	0.13705
20211118145630	7.895	43.3643666666667	20	16.0575	16.0543	38.1007	28.1224	5.2181	226.664	0.4521	0.13775
20211118145630	7.895	43.3643666666667	21	16.0558	16.0524	38.1007	28.1228	5.2122	226.411	0.4562	0.13855
20211118145630	7.895	43.3643666666667	22	16.0547	16.0511	38.1005	28.123	5.2198	226.739	0.4622	0.13885
20211118145630	7.895	43.3643666666667	23	16.0541	16.0503	38.1005	28.1231	5.2077	226.212	0.4469	0.13855
20211118145630	7.895	43.3643666666667	24	16.0535	16.0496	38.1004	28.1233	5.2245	226.944	0.4497	0.13925
20211118145630	7.895	43.3643666666667	25	16.051	16.047	38.1003	28.1238	5.2156	226.557	0.4516	0.13785
20211118145630	7.895	43.3643666666667	26	16.0494	16.0452	38.1005	28.1244	5.2099	226.311	0.4656	0.13715
20211118145630	7.895	43.3643666666667	27	16.0486	16.0442	38.1008	28.1248	5.2191	226.711	0.4655	0.13735
20211118145630	7.895	43.3643666666667	28	16.0483	16.0437	38.1019	28.1258	5.2152	226.541	0.4592	0.13765
20211118145630	7.895	43.3643666666667	29	16.0476	16.0429	38.1028	28.1267	5.2128	226.434	0.46	0.13665
20211118145630	7.895	43.3643666666667	30	16.0478	16.043	38.1029	28.1268	5.2227	226.864	0.4548	0.13695
20211118145630	7.895	43.3643666666667	31	16.0481	16.0431	38.1032	28.127	5.2153	226.543	0.454	0.13735
20211118145630	7.895	43.3643666666667	32	16.0477	16.0425	38.1036	28.1274	5.2176	226.644	0.451	0.13775
20211118145630	7.895	43.3643666666667	33	16.044	16.0387	38.1046	28.1291	5.2242	226.93	0.4435	0.13735
20211118145630	7.895	43.3643666666667	34	16.0415	16.0361	38.1049	28.13	5.2201	226.751	0.4439	0.13785
20211118145630	7.895	43.3643666666667	35	16.0373	16.0316	38.1061	28.1319	5.2161	226.579	0.4478	0.13735
20211118145630	7.895	43.3643666666667	36	16.0363	16.0305	38.1065	28.1324	5.2063	226.151	0.4504	0.13665
20211118145630	7.895	43.3643666666667	37	16.0364	16.0304	38.1065	28.1325	5.2169	226.613	0.4672	0.13665
20211118145630	7.895	43.3643666666667	38	16.0319	16.0257	38.1075	28.1344	5.2135	226.464	0.4404	0.13665
20211118145630	7.895	43.3643666666667	39	16.0287	16.0224	38.1077	28.1353	5.2099	226.306	0.4419	0.13565
20211118145630	7.895	43.3643666666667	40	16.0234	16.0169	38.1074	28.1363	5.2188	226.695	0.4527	0.13425
20211118145630	7.895	43.3643666666667	41	16.0188	16.0122	38.1069	28.1371	5.1967	225.732	0.4546	0.13315
20211118145630	7.895	43.3643666666667	42	15.9942	15.9874	38.1031	28.1399	5.1732	224.714	0.468	0.13185
20211118145630	7.895	43.3643666666667	43	15.86	15.8531	38.0953	28.1653	5.1096	221.945	0.4568	0.12885
20211118145630	7.895	43.3643666666667	44	15.6166	15.6096	38.0737	28.2051	5.0488	219.296	0.4416	0.12145
20211118145630	7.895	43.3643666666667	45	15.2692	15.2622	38.0614	28.2751	5.139	223.199	0.4468	0.11855
20211118145630	7.895	43.3643666666667	46	15.2213	15.2141	38.0694	28.2921	5.065	219.977	0.4761	0.11525
20211118145630	7.895	43.3643666666667	47	15.0997	15.0924	38.0678	28.3183	4.937	214.417	0.4914	0.11365
20211118145630	7.895	43.3643666666667	48	14.63	14.6227	38.079	28.4325	4.9929	216.818	0.5014	0.11215
20211118145630	7.895	43.3643666666667	49	14.606	14.5985	38.0804	28.439	4.9955	216.929	0.5043	0.10895
20211118145630	7.895	43.3643666666667	50	14.5372	14.5297	38.0872	28.4595	5.0293	218.394	0.5054	0.10745
20211118145630	7.895	43.3643666666667	51	14.5588	14.5511	38.0882	28.4556	5.0201	217.992	0.5077	0.10595
20211118145630	7.895	43.3643666666667	52	14.6297	14.6217	38.0866	28.4387	4.9846	216.456	0.5095	0.10545
20211118145630	7.895	43.3643666666667	53	14.5174	14.5094	38.1045	28.4774	5.013	217.683	0.4994	0.10365
20211118145630	7.895	43.3643666666667	54	14.5124	14.5043	38.1125	28.4847	5.011	217.592	0.4806	0.10215
20211118145630	7.895	43.3643666666667	55	14.4992	14.4909	38.1195	28.4931	4.988	216.591	0.4635	0.10155
20211118145630	7.895	43.3643666666667	56	14.4654	14.4569	38.1252	28.505	4.9062	213.038	0.4635	0.10095
20211118145630	7.895	43.3643666666667	57	14.405	14.3964	38.1304	28.5224	4.8855	212.138	0.4763	0.09905
20211118145630	7.895	43.3643666666667	58	14.3938	14.3851	38.1333	28.5271	4.8962	212.601	0.4642	0.09655
20211118145630	7.895	43.3643666666667	59	14.3914	14.3825	38.1347	28.5288	4.9131	213.333	0.4563	0.09505
20211118145630	7.895	43.3643666666667	60	14.3894	14.3804	38.1378	28.5316	4.923	213.761	0.453	0.09425
20211118145630	7.895	43.3643666666667	61	14.3909	14.3817	38.142	28.5346	4.9298	214.058	0.4478	0.09325
20211118145630	7.895	43.3643666666667	62	14.3549	14.3456	38.1583	28.5551	4.9379	214.403	0.4475	0.09245
20211118145630	7.895	43.3643666666667	63	14.3448	14.3353	38.1633	28.5612	4.942	214.579	0.423	0.08945
20211118145630	7.895	43.3643666666667	64	14.3179	14.3083	38.1773	28.578	4.8495	210.561	0.4343	0.08725
20211118145630	7.895	43.3643666666667	65	14.2741	14.2644	38.181	28.5905	4.8135	208.996	0.4165	0.08525
20211118145630	7.895	43.3643666666667	66	14.2495	14.2396	38.183	28.5975	4.843	210.274	0.3951	0.08385
20211118145630	7.895	43.3643666666667	67	14.283	14.2729	38.1733	28.5826	4.6697	202.751	0.3899	0.08415
20211118145630	7.895	43.3643666666667	68	14.185	14.1748	38.1863	28.6141	4.6424	201.561	0.3827	0.08455
20211118145630	7.895	43.3643666666667	69	14.1761	14.1658	38.1878	28.6173	4.6297	201.01	0.3754	0.08875
20211118145630	7.895	43.3643666666667	70	14.1727	14.1622	38.189	28.6189	4.6065	200.002	0.3646	0.09005
20211118145630	7.895	43.3643666666667	71	14.1669	14.1563	38.1918	28.6224	4.6018	199.797	0.3563	0.09195
20211118145630	7.895	43.3643666666667	72	14.1684	14.1576	38.1926	28.6227	4.5803	198.862	0.3451	0.09695
20211118145630	7.895	43.3643666666667	73	14.16	14.1492	38.1967	28.6278	4.5887	199.229	0.3428	0.10195
20211118145630	7.895	43.3643666666667	74	14.1504	14.1393	38.1987	28.6314	4.5736	198.573	0.3598	0.10535
20211118145630	7.895	43.3643666666667	75	14.0996	14.0885	38.2081	28.6498	4.5877	199.179	0.3668	0.10755
20211118145630	7.895	43.3643666666667	76	14.1135	14.1022	38.206	28.6452	4.5789	198.799	0.3648	0.09815
20211118145630	7.895	43.3643666666667	77	14.1074	14.096	38.2098	28.6495	4.5411	197.158	0.3588	0.08925
20211118145630	7.895	43.3643666666667	78	14.0805	14.0689	38.2187	28.6622	4.5464	197.386	0.361	0.08685
20211118145630	7.895	43.3643666666667	79	14.0715	14.0598	38.2239	28.6682	4.5451	197.328	0.3451	0.08185
20211118145630	7.895	43.3643666666667	80	14.08	14.0681	38.2211	28.6643	4.5259	196.494	0.3339	0.07915
20211118145630	7.895	43.3643666666667	81	14.0569	14.0449	38.2322	28.6779	4.5278	196.574	0.3353	0.07815
20211118145630	7.895	43.3643666666667	82	14.0622	14.05	38.2303	28.6753	4.5186	196.175	0.3361	0.07425
20211118145630	7.895	43.3643666666667	83	14.0581	14.0458	38.2326	28.678	4.523	196.367	0.3329	0.07265
20211118145630	7.895	43.3643666666667	84	14.0541	14.0416	38.2343	28.6803	4.5205	196.256	0.3419	0.07235
20211118145630	7.895	43.3643666666667	85	14.0593	14.0467	38.2326	28.6778	4.5133	195.943	0.3464	0.07205
20211118145630	7.895	43.3643666666667	86	14.0438	14.031	38.2388	28.6861	4.5105	195.823	0.3352	0.07175
20211118145630	7.895	43.3643666666667	87	14.0472	14.0343	38.2378	28.6846	4.4958	195.186	0.3346	0.07195
20211118145630	7.895	43.3643666666667	88	14.0198	14.0067	38.2479	28.6984	4.4907	194.961	0.3319	0.07225
20211118145630	7.895	43.3643666666667	89	14.0066	13.9934	38.2536	28.7056	4.501	195.407	0.3147	0.07285
20211118145630	7.895	43.3643666666667	90	14.015	14.0017	38.2505	28.7014	4.49	194.929	0.3196	0.07315
20211118145630	7.895	43.3643666666667	91	14.0013	13.9878	38.2584	28.7106	4.4842	194.675	0.3262	0.07365
20211118145630	7.895	43.3643666666667	92	13.9876	13.974	38.2691	28.7219	4.4807	194.522	0.3212	0.07325
20211118145630	7.895	43.3643666666667	93	13.9765	13.9627	38.2773	28.7307	4.4751	194.276	0.3161	0.07235
20211118145630	7.895	43.3643666666667	94	13.9637	13.9498	38.2875	28.7413	4.4799	194.485	0.306	0.07165
20211118145630	7.895	43.3643666666667	95	13.9494	13.9353	38.2898	28.7463	4.512	195.877	0.3001	0.07125
20211118145630	7.895	43.3643666666667	96	13.918	13.9038	38.2966	28.7583	4.5329	196.781	0.3257	0.07205
20211118145630	7.895	43.3643666666667	97	13.9244	13.91	38.2949	28.7557	4.5151	196.009	0.3345	0.07185
20211118145630	7.895	43.3643666666667	98	13.9173	13.9029	38.299	28.7604	4.5135	195.938	0.3262	0.07145
20211118145630	7.895	43.3643666666667	99	13.9175	13.9029	38.2999	28.761	4.505	195.567	0.3277	0.07135
20211118145630	7.895	43.3643666666667	100	13.9041	13.8894	38.3065	28.7691	4.5052	195.575	0.3291	0.07075
20211118145630	7.895	43.3643666666667	101	13.8953	13.8804	38.3141	28.7769	4.4976	195.246	0.3365	0.06965
20211118145630	7.895	43.3643666666667	102	13.8958	13.8807	38.3143	28.777	4.4861	194.744	0.3342	0.06985
20211118145630	7.895	43.3643666666667	103	13.8954	13.8802	38.3166	28.7789	4.4731	194.18	0.321	0.07055
20211118145630	7.895	43.3643666666667	104	13.8955	13.8801	38.3202	28.7817	4.4642	193.795	0.3249	0.06955
20211118145630	7.895	43.3643666666667	105	13.8941	13.8786	38.3247	28.7855	4.4494	193.152	0.3233	0.06925
20211118145630	7.895	43.3643666666667	106	13.8911	13.8754	38.3273	28.7882	4.4466	193.028	0.3182	0.06885
20211118145630	7.895	43.3643666666667	107	13.8906	13.8748	38.3274	28.7884	4.4506	193.202	0.317	0.06865
20211118145630	7.895	43.3643666666667	108	13.8885	13.8725	38.3278	28.7893	4.4447	192.947	0.326	0.06885
20211118145630	7.895	43.3643666666667	109	13.8782	13.8622	38.3319	28.7946	4.4463	193.016	0.3308	0.06875
20211118145630	7.895	43.3643666666667	110	13.8755	13.8593	38.3332	28.7963	4.4535	193.327	0.3338	0.06865
20211118145630	7.895	43.3643666666667	111	13.8738	13.8574	38.3345	28.7977	4.4566	193.46	0.3291	0.06875
20211118145630	7.895	43.3643666666667	112	13.865	13.8484	38.336	28.8008	4.5075	195.668	0.3352	0.06815
20211118145630	7.895	43.3643666666667	113	13.8194	13.8028	38.3342	28.8092	4.5647	198.152	0.3184	0.06805
20211118145630	7.895	43.3643666666667	114	13.7992	13.7824	38.3349	28.8141	4.5717	198.452	0.3126	0.06915
20211118145630	7.895	43.3643666666667	115	13.7853	13.7683	38.3395	28.8207	4.5681	198.295	0.3114	0.06845
20211118145630	7.895	43.3643666666667	116	13.7823	13.7652	38.3406	28.8222	4.5719	198.46	0.3301	0.06825
20211118145630	7.895	43.3643666666667	117	13.7794	13.7623	38.3416	28.8236	4.5663	198.218	0.3174	0.06795
20211118145630	7.895	43.3643666666667	118	13.7763	13.759	38.3428	28.8252	4.5654	198.18	0.3233	0.06755
20211118145630	7.895	43.3643666666667	119	13.7731	13.7557	38.3443	28.8271	4.5592	197.907	0.3371	0.06745
20211118145630	7.895	43.3643666666667	120	13.7686	13.751	38.347	28.8302	4.5558	197.76	0.3247	0.06725
20211118145630	7.895	43.3643666666667	121	13.7601	13.7423	38.3492	28.8338	4.5597	197.931	0.3138	0.06725
20211118145630	7.895	43.3643666666667	122	13.7566	13.7387	38.3507	28.8357	4.5297	196.628	0.2989	0.06645
20211118145630	7.895	43.3643666666667	123	13.7621	13.7441	38.3562	28.8388	4.4914	194.964	0.3001	0.06635
20211118145630	7.895	43.3643666666667	124	13.769	13.7508	38.3608	28.8409	4.4815	194.532	0.311	0.06565
20211118145630	7.895	43.3643666666667	125	13.7692	13.7509	38.3642	28.8436	4.4861	194.734	0.3042	0.06535
20211118145630	7.895	43.3643666666667	126	13.7652	13.7466	38.3648	28.845	4.4904	194.919	0.2902	0.06495
20211118145630	7.895	43.3643666666667	127	13.7589	13.7402	38.3693	28.8498	4.4845	194.664	0.3067	0.06485
20211118145630	7.895	43.3643666666667	128	13.757	13.7382	38.3689	28.8499	4.4964	195.176	0.3099	0.06525
20211118145630	7.895	43.3643666666667	129	13.7446	13.7257	38.3709	28.8542	4.4977	195.235	0.3137	0.06505
20211118145630	7.895	43.3643666666667	130	13.7459	13.7268	38.3705	28.8537	4.4961	195.163	0.3077	0.06515
20211118145630	7.895	43.3643666666667	131	13.7367	13.7174	38.3736	28.8581	4.4978	195.239	0.3028	0.06545
20211118145630	7.895	43.3643666666667	132	13.7327	13.7133	38.3782	28.8625	4.4855	194.703	0.2976	0.06495
20211118145630	7.895	43.3643666666667	133	13.7348	13.7153	38.3821	28.8651	4.4598	193.585	0.2934	0.06535
20211118145630	7.895	43.3643666666667	134	13.7398	13.7201	38.3862	28.8672	4.4608	193.63	0.2959	0.06535
20211118145630	7.895	43.3643666666667	135	13.7412	13.7214	38.3909	28.8706	4.4414	192.788	0.3081	0.06495
20211118145630	7.895	43.3643666666667	136	13.7423	13.7223	38.3945	28.8731	4.433	192.423	0.2944	0.06525
20211118145630	7.895	43.3643666666667	137	13.7443	13.7241	38.3968	28.8746	4.4221	191.951	0.2919	0.06525
20211118145630	7.895	43.3643666666667	138	13.7434	13.7232	38.4041	28.8804	4.4285	192.225	0.2976	0.06475
20211118145630	7.895	43.3643666666667	139	13.7438	13.7234	38.4	28.8772	4.4297	192.279	0.3011	0.06535
20211118145630	7.895	43.3643666666667	140	13.7402	13.7196	38.4061	28.8827	4.4268	192.152	0.2823	0.06545
20211118145630	7.895	43.3643666666667	141	13.7379	13.7172	38.4087	28.8853	4.4215	191.92	0.2872	0.06535
20211118145630	7.895	43.3643666666667	142	13.7391	13.7183	38.4073	28.8839	4.4213	191.911	0.297	0.06545
20211118145630	7.895	43.3643666666667	143	13.7353	13.7143	38.4114	28.888	4.4085	191.357	0.3002	0.06555
20211118145630	7.895	43.3643666666667	144	13.7334	13.7122	38.4136	28.8901	4.4009	191.024	0.299	0.06575
20211118145630	7.895	43.3643666666667	145	13.7314	13.7101	38.4169	28.8932	4.3939	190.722	0.3132	0.06585
20211118145630	7.895	43.3643666666667	146	13.7291	13.7076	38.4206	28.8965	4.3775	190.008	0.2867	0.06615
20211118145630	7.895	43.3643666666667	147	13.7257	13.7041	38.4261	28.9015	4.385	190.334	0.2881	0.06605
20211118145630	7.895	43.3643666666667	148	13.7271	13.7054	38.425	28.9005	4.3835	190.267	0.2859	0.06585
20211118145630	7.895	43.3643666666667	149	13.7265	13.7046	38.4285	28.9033	4.3737	189.841	0.2946	0.06615
20211118145630	7.895	43.3643666666667	150	13.7267	13.7047	38.4305	28.9049	4.367	189.55	0.3004	0.06615
20211118145630	7.895	43.3643666666667	151	13.7258	13.7037	38.4322	28.9064	4.3689	189.632	0.321	0.06605
20211118145630	7.895	43.3643666666667	152	13.7246	13.7022	38.4326	28.907	4.3586	189.187	0.3131	0.06705
20211118145630	7.895	43.3643666666667	153	13.721	13.6986	38.4358	28.9103	4.3514	188.874	0.301	0.06565
20211118145630	7.895	43.3643666666667	154	13.7131	13.6905	38.4427	28.9173	4.355	189.03	0.2962	0.06575
20211118145630	7.895	43.3643666666667	155	13.7133	13.6906	38.4428	28.9174	4.3406	188.402	0.3079	0.06565
20211118145630	7.895	43.3643666666667	156	13.7095	13.6866	38.4463	28.921	4.349	188.767	0.302	0.06525
20211118145630	7.895	43.3643666666667	157	13.7118	13.6887	38.4446	28.9192	4.3498	188.804	0.2828	0.06505
20211118145630	7.895	43.3643666666667	158	13.7097	13.6865	38.4468	28.9214	4.3542	188.994	0.2883	0.06495
20211118145630	7.895	43.3643666666667	159	13.7075	13.6841	38.4491	28.9237	4.3508	188.846	0.2875	0.06505
20211118145630	7.895	43.3643666666667	160	13.7099	13.6863	38.4472	28.9217	4.3404	188.395	0.2825	0.06475
20211118145630	7.895	43.3643666666667	161	13.706	13.6824	38.4513	28.9258	4.3407	188.405	0.2923	0.06505
20211118145630	7.895	43.3643666666667	162	13.7021	13.6783	38.4564	28.9306	4.3383	188.302	0.2898	0.06455
20211118145630	7.895	43.3643666666667	163	13.7016	13.6777	38.4574	28.9315	4.3319	188.022	0.2844	0.06445
20211118145630	7.895	43.3643666666667	164	13.7013	13.6772	38.4596	28.9333	4.3256	187.747	0.2863	0.06415
20211118145630	7.895	43.3643666666667	165	13.7014	13.6772	38.4612	28.9345	4.3318	188.018	0.2951	0.06425
20211118145630	7.895	43.3643666666667	166	13.7035	13.6791	38.4658	28.9377	4.317	187.375	0.2946	0.06395
20211118145630	7.895	43.3643666666667	167	13.7078	13.6833	38.4727	28.9422	4.3195	187.483	0.2831	0.06385
20211118145630	7.895	43.3643666666667	168	13.7116	13.6869	38.4759	28.9439	4.3073	186.952	0.2883	0.06365
20211118145630	7.895	43.3643666666667	169	13.7147	13.6899	38.4779	28.9447	4.2981	186.551	0.288	0.06405
20211118145630	7.895	43.3643666666667	170	13.7155	13.6905	38.4775	28.9443	4.3005	186.658	0.2987	0.06375
20211118145630	7.895	43.3643666666667	171	13.7236	13.6985	38.4817	28.9459	4.279	185.723	0.2979	0.06385
20211118145630	7.895	43.3643666666667	172	13.7429	13.7176	38.491	28.949	4.2741	185.509	0.286	0.06375
20211118145630	7.895	43.3643666666667	173	13.7444	13.719	38.4922	28.9496	4.2439	184.201	0.2889	0.06295
20211118145630	7.895	43.3643666666667	174	13.7739	13.7483	38.5086	28.956	4.228	183.51	0.3055	0.06215
20211118145630	7.895	43.3643666666667	175	13.7684	13.7426	38.5056	28.9549	4.2211	183.212	0.2808	0.06435
20211118145630	7.895	43.3643666666667	176	13.7777	13.7518	38.5108	28.9569	4.2159	182.981	0.2838	0.06105
20211118145630	7.895	43.3643666666667	177	13.7792	13.7531	38.5114	28.9571	4.2129	182.852	0.2722	0.06075
20211118145630	7.895	43.3643666666667	178	13.7803	13.7541	38.5122	28.9576	4.2047	182.499	0.2462	0.06085
20211118145630	7.895	43.3643666666667	179	13.7787	13.7523	38.5153	28.9603	4.2023	182.393	0.2508	0.06055
20211118145630	7.895	43.3643666666667	180	13.7813	13.7548	38.5188	28.9625	4.2063	182.566	0.2664	0.06065
20211118145630	7.895	43.3643666666667	181	13.7813	13.7546	38.5202	28.9637	4.2053	182.524	0.2586	0.06005
20211118145630	7.895	43.3643666666667	182	13.7795	13.7526	38.5222	28.9656	4.1976	182.188	0.2592	0.06015
20211118145630	7.895	43.3643666666667	183	13.7754	13.7484	38.5232	28.9673	4.1917	181.93	0.2657	0.06005
20211118145630	7.895	43.3643666666667	184	13.7743	13.7472	38.5238	28.968	4.1919	181.941	0.2738	0.05995
20211118145630	7.895	43.3643666666667	185	13.7721	13.7448	38.5248	28.9693	4.1976	182.185	0.2695	0.06015
20211118145630	7.895	43.3643666666667	186	13.7682	13.7408	38.5263	28.9713	4.1939	182.024	0.2598	0.05995
20211118145630	7.895	43.3643666666667	187	13.7716	13.744	38.5279	28.9719	4.188	181.771	0.258	0.05985
20211118145630	7.895	43.3643666666667	188	13.7718	13.7441	38.5306	28.974	4.182	181.509	0.2677	0.05955
20211118145630	7.895	43.3643666666667	189	13.7688	13.7409	38.5307	28.9747	4.1797	181.41	0.2709	0.05975
20211118145630	7.895	43.3643666666667	190	13.7689	13.7409	38.5313	28.9752	4.1767	181.28	0.2659	0.05965
20211118145630	7.895	43.3643666666667	191	13.7675	13.7394	38.5332	28.977	4.1841	181.6	0.2521	0.06005
20211118145630	7.895	43.3643666666667	192	13.7665	13.7382	38.534	28.9779	4.1706	181.016	0.2687	0.05965
20211118145630	7.895	43.3643666666667	193	13.7681	13.7397	38.5355	28.9787	4.1538	180.286	0.2585	0.05935
20211118145630	7.895	43.3643666666667	194	13.7708	13.7422	38.537	28.9793	4.16	180.553	0.2481	0.05955
20211118145630	7.895	43.3643666666667	195	13.7732	13.7445	38.5384	28.9799	4.1614	180.614	0.2605	0.05945
20211118145630	7.895	43.3643666666667	196	13.7752	13.7462	38.5399	28.9808	4.1607	180.583	0.2311	0.05925
20211118145630	7.895	43.3643666666667	197	13.7763	13.7473	38.5405	28.981	4.1572	180.43	0.2536	0.05915
20211118145630	7.895	43.3643666666667	198	13.7785	13.7493	38.542	28.9817	4.145	179.902	0.2402	0.05935
20211118145630	7.895	43.3643666666667	199	13.7815	13.7521	38.5432	28.982	4.1425	179.793	0.2169	0.05925
20211118145630	7.895	43.3643666666667	200	13.7928	13.7633	38.5488	28.9839	4.1269	179.117	0.2335	0.05925
20211118145630	7.895	43.3643666666667	201	13.7935	13.7638	38.5487	28.9837	4.1282	179.172	0.2496	0.05925
20211118145630	7.895	43.3643666666667	202	13.8051	13.7752	38.5533	28.9849	4.0926	177.627	0.2501	0.05895
20211118145630	7.895	43.3643666666667	203	13.8218	13.7917	38.5598	28.9863	4.0918	177.593	0.2445	0.05895
20211118145630	7.895	43.3643666666667	204	13.8334	13.8032	38.5641	28.9872	4.0751	176.866	0.242	0.05905
20211118145630	7.895	43.3643666666667	205	13.8525	13.8221	38.5709	28.9884	4.0517	175.85	0.2447	0.05845
20211118145630	7.895	43.3643666666667	206	13.8712	13.8406	38.5764	28.9887	4.0385	175.276	0.2447	0.05835
20211118145630	7.895	43.3643666666667	207	13.8927	13.862	38.5833	28.9894	4.035	175.125	0.2588	0.05805
20211118145630	7.895	43.3643666666667	208	13.9065	13.8756	38.5869	28.9892	4.0016	173.678	0.2692	0.05775
20211118145630	7.895	43.3643666666667	209	13.9247	13.8936	38.6006	28.996	3.9891	173.135	0.2686	0.05725
20211118145630	7.895	43.3643666666667	210	13.9155	13.8843	38.5996	28.9972	3.9865	173.021	0.2674	0.05705
20211118145630	7.895	43.3643666666667	211	13.9059	13.8745	38.5986	28.9985	3.9756	172.545	0.24	0.05725
20211118145630	7.895	43.3643666666667	212	13.8997	13.8682	38.5984	28.9997	3.9818	172.818	0.2396	0.05725
20211118145630	7.895	43.3643666666667	213	13.8998	13.8681	38.599	29.0003	3.9814	172.8	0.2434	0.05725
20211118145630	7.895	43.3643666666667	214	13.8976	13.8659	38.5993	29.001	3.9803	172.753	0.2565	0.05695
20211118145630	7.895	43.3643666666667	215	13.8908	13.8589	38.5986	29.0019	3.9868	173.034	0.2383	0.05715
20211118145630	7.895	43.3643666666667	216	13.8894	13.8573	38.5985	29.0022	3.9822	172.834	0.2493	0.05785
20211118145630	7.895	43.3643666666667	217	13.8858	13.8536	38.5983	29.0028	3.9833	172.881	0.2494	0.05745
20211118145630	7.895	43.3643666666667	218	13.8854	13.8531	38.5985	29.0031	3.9801	172.742	0.2593	0.05755
20211118145630	7.895	43.3643666666667	219	13.8856	13.8531	38.5986	29.0032	3.9737	172.464	0.2551	0.05775
20211118145630	7.895	43.3643666666667	220	13.8859	13.8533	38.5993	29.0037	3.9781	172.655	0.2553	0.05775
20211118145630	7.895	43.3643666666667	221	13.885	13.8522	38.5996	29.0041	3.9704	172.32	0.2573	0.05765
20211118145630	7.895	43.3643666666667	222	13.8843	13.8514	38.5995	29.0043	3.9744	172.495	0.2583	0.05775
20211118145630	7.895	43.3643666666667	223	13.8793	13.8462	38.5992	29.0051	3.9729	172.43	0.2562	0.05725
20211118145630	7.895	43.3643666666667	224	13.8765	13.8432	38.5992	29.0058	3.971	172.346	0.2431	0.05795
20211118145630	7.895	43.3643666666667	225	13.864	13.8306	38.5978	29.0075	3.9798	172.727	0.2421	0.05785
20211118145630	7.895	43.3643666666667	226	13.8584	13.8249	38.5969	29.008	3.9776	172.632	0.244	0.05785
20211118145630	7.895	43.3643666666667	227	13.8522	13.8185	38.5956	29.0083	3.9801	172.741	0.2493	0.05795
20211118145630	7.895	43.3643666666667	228	13.8453	13.8115	38.5947	29.0091	3.9779	172.647	0.2676	0.05795
20211118145630	7.895	43.3643666666667	229	13.8405	13.8065	38.5937	29.0094	3.9793	172.707	0.2527	0.05835
20211118145630	7.895	43.3643666666667	230	13.8375	13.8034	38.5935	29.01	3.9806	172.76	0.2512	0.05825
20211118145630	7.895	43.3643666666667	231	13.8352	13.8009	38.5933	29.0103	3.9704	172.318	0.2489	0.05845
20211118145630	7.895	43.3643666666667	232	13.8346	13.8002	38.5935	29.0107	3.9735	172.453	0.2524	0.05805
20211118145630	7.895	43.3643666666667	233	13.8359	13.8014	38.5938	29.0106	3.9761	172.567	0.254	0.05815
20211118145630	7.895	43.3643666666667	234	13.8349	13.8002	38.5945	29.0114	3.9685	172.236	0.2423	0.05785
20211118145630	7.895	43.3643666666667	235	13.836	13.8011	38.5954	29.0119	3.9646	172.069	0.2467	0.05805
20211118145630	7.895	43.3643666666667	236	13.8404	13.8054	38.5994	29.0141	3.9579	171.775	0.2625	0.05855
20211118145630	7.895	43.3643666666667	237	13.8449	13.8097	38.6024	29.0155	3.9598	171.859	0.2515	0.05865
20211118145630	7.895	43.3643666666667	238	13.8461	13.8108	38.6029	29.0156	3.9435	171.15	0.2387	0.05785
20211118145630	7.895	43.3643666666667	239	13.8488	13.8133	38.6048	29.0166	3.9466	171.285	0.253	0.05805
20211118145630	7.895	43.3643666666667	240	13.8518	13.8162	38.6055	29.0165	3.9473	171.314	0.2475	0.05855
20211118145630	7.895	43.3643666666667	241	13.8605	13.8248	38.6093	29.0176	3.9403	171.01	0.2391	0.05805
20211118145630	7.895	43.3643666666667	242	13.8729	13.8369	38.6146	29.0191	3.9176	170.027	0.2417	0.05815
20211118145630	7.895	43.3643666666667	243	13.9125	13.8763	38.6303	29.0227	3.9006	169.286	0.2392	0.05775
20211118145630	7.895	43.3643666666667	244	13.9381	13.9017	38.6389	29.0239	3.8831	168.527	0.2413	0.05685
20211118145630	7.895	43.3643666666667	245	13.959	13.9224	38.6468	29.0255	3.8704	167.975	0.2496	0.05675
20211118145630	7.895	43.3643666666667	246	13.9671	13.9304	38.649	29.0255	3.8719	168.041	0.2501	0.05635
20211118145630	7.895	43.3643666666667	247	13.9648	13.928	38.6487	29.0258	3.8623	167.627	0.2732	0.05615
20211118145630	7.895	43.3643666666667	248	13.9767	13.9396	38.6527	29.0264	3.8529	167.215	0.2686	0.05635
20211118145630	7.895	43.3643666666667	249	13.9755	13.9384	38.6522	29.0263	3.8593	167.496	0.2517	0.05625
20211118145630	7.895	43.3643666666667	250	13.973	13.9356	38.652	29.0267	3.8579	167.434	0.25	0.05635
20211118145630	7.895	43.3643666666667	251	13.9667	13.9293	38.6511	29.0274	3.8529	167.216	0.2473	0.05615
20211118145630	7.895	43.3643666666667	252	13.9633	13.9257	38.6504	29.0276	3.8581	167.44	0.2448	0.05595
20211118145630	7.895	43.3643666666667	253	13.9588	13.921	38.6496	29.028	3.8679	167.865	0.2533	0.05605
20211118145630	7.895	43.3643666666667	254	13.9572	13.9193	38.6493	29.0281	3.8599	167.521	0.2555	0.05615
20211118145630	7.895	43.3643666666667	255	13.9561	13.9181	38.6491	29.0282	3.8581	167.441	0.2547	0.05685
20211118145630	7.895	43.3643666666667	256	13.9523	13.9141	38.6484	29.0286	3.8654	167.759	0.2415	0.05635
20211118145630	7.895	43.3643666666667	257	13.949	13.9106	38.6481	29.0291	3.8597	167.509	0.2395	0.05585
20211118145630	7.895	43.3643666666667	258	13.9459	13.9074	38.6475	29.0294	3.8635	167.675	0.2455	0.05595
20211118145630	7.895	43.3643666666667	259	13.9415	13.9029	38.647	29.0299	3.8625	167.634	0.2458	0.05595
20211118145630	7.895	43.3643666666667	260	13.9385	13.8998	38.6469	29.0305	3.849	167.046	0.2583	0.05575
20211118145630	7.895	43.3643666666667	261	13.9319	13.893	38.647	29.0321	3.8504	167.109	0.2593	0.05605
20211118145630	7.895	43.3643666666667	262	13.933	13.8939	38.648	29.0327	3.8531	167.225	0.2377	0.05665
20211118145630	7.895	43.3643666666667	263	13.9363	13.8971	38.6501	29.0336	3.8431	166.789	0.2319	0.05635
20211118145630	7.895	43.3643666666667	264	13.9406	13.9012	38.6516	29.0339	3.8359	166.476	0.2321	0.05615
20211118145630	7.895	43.3643666666667	265	13.9491	13.9096	38.6555	29.035	3.8417	166.728	0.249	0.05615
20211118145630	7.895	43.3643666666667	266	13.9535	13.9138	38.6573	29.0355	3.8374	166.543	0.2568	0.05605
20211118145630	7.895	43.3643666666667	267	13.9564	13.9165	38.6591	29.0363	3.8306	166.246	0.2483	0.05585
20211118145630	7.895	43.3643666666667	268	13.9594	13.9194	38.6606	29.0369	3.8244	165.977	0.2409	0.05595
20211118145630	7.895	43.3643666666667	269	13.9578	13.9176	38.6598	29.0367	3.811	165.395	0.2297	0.05615
20211118145630	7.895	43.3643666666667	270	13.9617	13.9214	38.6621	29.0376	3.8195	165.764	0.2412	0.05635
20211118145630	7.895	43.3643666666667	271	13.9615	13.921	38.6618	29.0375	3.8193	165.756	0.2502	0.05645
20211118145630	7.895	43.3643666666667	272	13.9577	13.9171	38.6624	29.0388	3.8166	165.64	0.2426	0.05665
20211118145630	7.895	43.3643666666667	273	13.9484	13.9077	38.6617	29.0403	3.8162	165.624	0.2395	0.05605
20211118145630	7.895	43.3643666666667	274	13.9463	13.9054	38.661	29.0402	3.811	165.398	0.2496	0.05635
20211118145630	7.895	43.3643666666667	275	13.9454	13.9044	38.6608	29.0403	3.814	165.525	0.253	0.05635
20211118145630	7.895	43.3643666666667	276	13.9408	13.8996	38.6604	29.041	3.8112	165.403	0.2689	0.05645
20211118145630	7.895	43.3643666666667	277	13.9384	13.8971	38.6599	29.0412	3.8074	165.238	0.2575	0.05645
20211118145630	7.895	43.3643666666667	278	13.9358	13.8943	38.6595	29.0414	3.8126	165.464	0.2654	0.05665
20211118145630	7.895	43.3643666666667	279	13.9359	13.8943	38.6595	29.0415	3.8122	165.449	0.2724	0.05665
20211118145630	7.895	43.3643666666667	280	13.9367	13.8949	38.6595	29.0414	3.8107	165.381	0.2532	0.05655
20211118145630	7.895	43.3643666666667	281	13.9362	13.8942	38.6597	29.0416	3.8061	165.182	0.2405	0.05655
20211118145630	7.895	43.3643666666667	282	13.9365	13.8944	38.6599	29.0417	3.808	165.267	0.2366	0.05625
20211118145630	7.895	43.3643666666667	283	13.9364	13.8941	38.66	29.0419	3.8016	164.989	0.2458	0.05635
20211118145630	7.895	43.3643666666667	284	13.932	13.8897	38.6591	29.0422	3.8028	165.041	0.251	0.05615
20211118145630	7.895	43.3643666666667	285	13.9287	13.8862	38.6587	29.0426	3.8072	165.232	0.2481	0.05655
20211118145630	7.895	43.3643666666667	286	13.9265	13.8838	38.6586	29.043	3.8039	165.089	0.25	0.05645
20211118145630	7.895	43.3643666666667	287	13.9218	13.879	38.6578	29.0435	3.8044	165.108	0.2413	0.05645
20211118145630	7.895	43.3643666666667	288	13.9172	13.8743	38.6568	29.0437	3.8055	165.158	0.2312	0.05655
20211118145630	7.895	43.3643666666667	289	13.9153	13.8722	38.6563	29.0438	3.806	165.179	0.2238	0.05645
20211118145630	7.895	43.3643666666667	290	13.9142	13.871	38.6559	29.0437	3.8026	165.031	0.233	0.05685
20211118145630	7.895	43.3643666666667	291	13.907	13.8636	38.6546	29.0443	3.7989	164.868	0.2499	0.05665
20211118145630	7.895	43.3643666666667	292	13.9044	13.8609	38.6541	29.0445	3.7997	164.903	0.2602	0.05675
20211118145630	7.895	43.3643666666667	293	13.9055	13.8618	38.654	29.0443	3.8057	165.168	0.2721	0.05655
20211118145630	7.895	43.3643666666667	294	13.8889	13.8451	38.6514	29.0458	3.7985	164.854	0.2674	0.05675
20211118145630	7.895	43.3643666666667	295	13.888	13.844	38.6512	29.0459	3.7986	164.859	0.2539	0.05655
20211118145630	7.895	43.3643666666667	296	13.8869	13.8429	38.6511	29.0461	3.7918	164.561	0.2391	0.05665
20211118145630	7.895	43.3643666666667	297	13.8811	13.8369	38.6518	29.0479	3.7969	164.781	0.2509	0.05685
20211118145630	7.895	43.3643666666667	298	13.8809	13.8365	38.6526	29.0486	3.8001	164.922	0.2547	0.05655
20211118145630	7.895	43.3643666666667	299	13.8793	13.8348	38.6525	29.0489	3.7959	164.74	0.2435	0.05645
20211118145630	7.895	43.3643666666667	300	13.8788	13.8341	38.6525	29.049	3.8002	164.925	0.2544	0.05615
20211118145630	7.895	43.3643666666667	301	13.8789	13.834	38.6526	29.0492	3.8007	164.947	0.2492	0.05585
20211118145630	7.895	43.3643666666667	302	13.8775	13.8325	38.6525	29.0493	3.801	164.961	0.2395	0.05605
20211118145630	7.895	43.3643666666667	303	13.8773	13.8322	38.6522	29.0492	3.7998	164.91	0.2392	0.05615
20211118145630	7.895	43.3643666666667	304	13.8737	13.8284	38.6515	29.0495	3.7925	164.592	0.2469	0.05595
20211118145630	7.895	43.3643666666667	305	13.8685	13.8231	38.6502	29.0497	3.7987	164.86	0.2396	0.05615
20211118145630	7.895	43.3643666666667	306	13.8621	13.8166	38.649	29.0501	3.7997	164.903	0.2458	0.05605
20211118145630	7.895	43.3643666666667	307	13.8582	13.8126	38.648	29.0502	3.8065	165.198	0.2463	0.05585
20211118145630	7.895	43.3643666666667	308	13.8524	13.8066	38.6466	29.0504	3.8086	165.29	0.2427	0.05585
20211118145630	7.895	43.3643666666667	309	13.8542	13.8082	38.6469	29.0503	3.8054	165.15	0.2533	0.05595
20211118145630	7.895	43.3643666666667	310	13.8466	13.8004	38.6455	29.0508	3.8111	165.399	0.2564	0.05595
20211118145630	7.895	43.3643666666667	311	13.8451	13.7989	38.645	29.0509	3.807	165.22	0.2465	0.05565
20211118145630	7.895	43.3643666666667	312	13.8461	13.7997	38.6457	29.0512	3.8019	164.999	0.2456	0.05575
20211118145630	7.895	43.3643666666667	313	13.8458	13.7992	38.6464	29.0518	3.8084	165.279	0.2597	0.05555
20211118145630	7.895	43.3643666666667	314	13.8425	13.7958	38.6462	29.0524	3.8071	165.225	0.257	0.05565
20211118145630	7.895	43.3643666666667	315	13.8398	13.793	38.6463	29.0531	3.8061	165.182	0.2462	0.05545
20211118145630	7.895	43.3643666666667	316	13.8399	13.793	38.6462	29.053	3.8042	165.099	0.2444	0.05565
20211118145630	7.895	43.3643666666667	317	13.8402	13.793	38.6464	29.0532	3.8063	165.19	0.2532	0.05585
20211118145630	7.895	43.3643666666667	318	13.8406	13.7933	38.6466	29.0533	3.8083	165.277	0.2406	0.05565
20211118145630	7.895	43.3643666666667	319	13.8409	13.7934	38.6467	29.0533	3.809	165.307	0.2365	0.05595
20211118145630	7.895	43.3643666666667	320	13.8368	13.7892	38.6459	29.0536	3.8139	165.522	0.2494	0.05565
20211118145630	7.895	43.3643666666667	321	13.8338	13.7861	38.6452	29.0537	3.8116	165.422	0.241	0.05575
20211118145630	7.895	43.3643666666667	322	13.8293	13.7814	38.6442	29.054	3.8146	165.551	0.256	0.05565
20211118145630	7.895	43.3643666666667	323	13.8228	13.7748	38.6429	29.0544	3.8127	165.466	0.2649	0.05555
20211118145630	7.895	43.3643666666667	324	13.8238	13.7756	38.6429	29.0542	3.8104	165.366	0.2598	0.05575
20211118145630	7.895	43.3643666666667	325	13.8196	13.7713	38.6422	29.0546	3.8183	165.709	0.2457	0.05575
20211118145630	7.895	43.3643666666667	326	13.8108	13.7624	38.6411	29.0557	3.814	165.523	0.2435	0.05575
20211118145630	7.895	43.3643666666667	327	13.8153	13.7667	38.6419	29.0554	3.8072	165.231	0.2597	0.05585
20211118145630	7.895	43.3643666666667	328	13.8145	13.7658	38.6442	29.0573	3.7989	164.867	0.2319	0.05575
20211118145630	7.895	43.3643666666667	329	13.8156	13.7667	38.6455	29.0581	3.7978	164.819	0.2377	0.05575
20211118145630	7.895	43.3643666666667	330	13.816	13.767	38.645	29.0577	3.8025	165.024	0.2486	0.05585
20211118145630	7.895	43.3643666666667	331	13.8151	13.7659	38.6463	29.0589	3.8082	165.274	0.2587	0.05565
20211118145630	7.895	43.3643666666667	332	13.8151	13.7657	38.6461	29.0588	3.8019	164.999	0.2606	0.05575
20211118145630	7.895	43.3643666666667	333	13.8156	13.7661	38.647	29.0594	3.7926	164.593	0.2415	0.05575
20211118145630	7.895	43.3643666666667	334	13.8171	13.7674	38.6483	29.0602	3.7901	164.487	0.2327	0.05545
20211118145630	7.895	43.3643666666667	335	13.8185	13.7687	38.6486	29.0601	3.7894	164.456	0.241	0.05555
20211118145630	7.895	43.3643666666667	336	13.821	13.7711	38.6495	29.0603	3.7861	164.314	0.2422	0.05565
20211118145630	7.895	43.3643666666667	337	13.8268	13.7767	38.6517	29.0608	3.7841	164.227	0.2488	0.05545
20211118145630	7.895	43.3643666666667	338	13.8303	13.78	38.6537	29.0616	3.7634	163.328	0.25	0.05525
20211118145630	7.895	43.3643666666667	339	13.8327	13.7823	38.6551	29.0622	3.7561	163.009	0.2471	0.05555
20211118145630	7.895	43.3643666666667	340	13.8326	13.782	38.6555	29.0626	3.7437	162.47	0.2436	0.05525
20211118145630	7.895	43.3643666666667	341	13.8326	13.7819	38.6559	29.0629	3.743	162.442	0.2324	0.05475
20211118145630	7.895	43.3643666666667	342	13.8325	13.7816	38.6558	29.0629	3.7323	161.979	0.2533	0.05545
20211118145630	7.895	43.3643666666667	343	13.8308	13.7797	38.6563	29.0637	3.7204	161.46	0.2385	0.05465
20211118145630	7.895	43.3643666666667	344	13.8303	13.7791	38.6564	29.0639	3.7247	161.648	0.2312	0.05465
20211118145630	7.895	43.3643666666667	345	13.831	13.7797	38.656	29.0635	3.723	161.574	0.2373	0.05505
20211118145630	7.895	43.3643666666667	346	13.8302	13.7788	38.6566	29.0641	3.7189	161.395	0.2513	0.05475
20211118145630	7.895	43.3643666666667	347	13.8301	13.7785	38.6565	29.0641	3.7138	161.174	0.2435	0.05475
20211118145630	7.895	43.3643666666667	348	13.8299	13.7781	38.6565	29.0642	3.7115	161.074	0.2514	0.05475
20211118145630	7.895	43.3643666666667	349	13.8299	13.778	38.6565	29.0643	3.7109	161.05	0.2532	0.05515
20211118145630	7.895	43.3643666666667	350	13.8296	13.7775	38.6567	29.0645	3.7122	161.106	0.2526	0.05535
20211118145630	7.895	43.3643666666667	351	13.8298	13.7775	38.6567	29.0645	3.7067	160.868	0.2573	0.05525
20211118145630	7.895	43.3643666666667	352	13.8296	13.7772	38.6569	29.0647	3.7052	160.8	0.2362	0.05515
20211118145630	7.895	43.3643666666667	353	13.8294	13.7769	38.657	29.0649	3.7079	160.917	0.2408	0.05505
20211118145630	7.895	43.3643666666667	354	13.8296	13.777	38.6569	29.0648	3.7059	160.83	0.2515	0.05515
20211118145630	7.895	43.3643666666667	355	13.8294	13.7765	38.6571	29.065	3.7055	160.814	0.2676	0.05495
20211118145630	7.895	43.3643666666667	356	13.8291	13.7762	38.6574	29.0653	3.7025	160.685	0.2519	0.05525
20211118145630	7.895	43.3643666666667	357	13.8291	13.776	38.6575	29.0654	3.6905	160.162	0.2446	0.05505
20211118145630	7.895	43.3643666666667	358	13.8285	13.7752	38.658	29.066	3.6885	160.074	0.2514	0.05485
20211118145630	7.895	43.3643666666667	359	13.8282	13.7747	38.6583	29.0664	3.6873	160.021	0.2526	0.05495
20211118145630	7.895	43.3643666666667	360	13.8282	13.7747	38.6583	29.0664	3.6953	160.371	0.2376	0.05475
20211118145630	7.895	43.3643666666667	361	13.8278	13.7741	38.6584	29.0665	3.6916	160.209	0.2391	0.05475
20211118145630	7.895	43.3643666666667	362	13.8276	13.7738	38.6583	29.0666	3.6912	160.194	0.2425	0.05505
20211118145630	7.895	43.3643666666667	363	13.8261	13.7721	38.6584	29.067	3.6875	160.031	0.2442	0.05475
20211118145630	7.895	43.3643666666667	364	13.8259	13.7717	38.6585	29.0671	3.6839	159.876	0.2382	0.05475
20211118145630	7.895	43.3643666666667	365	13.8266	13.7723	38.6586	29.0671	3.676	159.531	0.2392	0.05495
20211118145630	7.895	43.3643666666667	366	13.8271	13.7726	38.6594	29.0676	3.6832	159.847	0.2322	0.05485
20211118145630	7.895	43.3643666666667	367	13.8283	13.7737	38.6603	29.0681	3.6796	159.689	0.2272	0.05505
20211118145630	7.895	43.3643666666667	368	13.8288	13.774	38.6604	29.0681	3.6765	159.555	0.2362	0.05555
20211118145630	7.895	43.3643666666667	369	13.8288	13.7738	38.6611	29.0687	3.6724	159.378	0.2167	0.05525
20211118145630	7.895	43.3643666666667	370	13.8276	13.7725	38.6616	29.0693	3.6664	159.114	0.2317	0.05515
20211118145630	7.895	43.3643666666667	371	13.8261	13.7708	38.6615	29.0697	3.6681	159.188	0.2343	0.05525
20211118145630	7.895	43.3643666666667	372	13.8255	13.7702	38.6613	29.0697	3.6681	159.192	0.2348	0.05535
20211118145630	7.895	43.3643666666667	373	13.8252	13.7697	38.6612	29.0697	3.6677	159.171	0.2488	0.05525
20211118145630	7.895	43.3643666666667	374	13.8219	13.7662	38.6612	29.0705	3.6699	159.267	0.2367	0.05495
20211118145630	7.895	43.3643666666667	375	13.8214	13.7656	38.6611	29.0705	3.6668	159.133	0.2314	0.05535
20211118145630	7.895	43.3643666666667	376	13.8226	13.7666	38.6609	29.0701	3.6645	159.034	0.2416	0.05505
20211118145630	7.895	43.3643666666667	377	13.8218	13.7657	38.6611	29.0704	3.6703	159.285	0.2481	0.05475
20211118145630	7.895	43.3643666666667	378	13.8207	13.7644	38.661	29.0707	3.671	159.317	0.2453	0.05485
20211118145630	7.895	43.3643666666667	379	13.8207	13.7643	38.6609	29.0705	3.661	158.883	0.2459	0.05505
20211118145630	7.895	43.3643666666667	380	13.8188	13.7622	38.6607	29.0709	3.6542	158.586	0.2321	0.05475
20211118145630	7.895	43.3643666666667	381	13.8158	13.7591	38.6605	29.0714	3.6609	158.878	0.2377	0.05505
20211118145630	7.895	43.3643666666667	382	13.8166	13.7597	38.6603	29.0711	3.6676	159.17	0.2432	0.05525
20211118145630	7.895	43.3643666666667	383	13.8154	13.7583	38.6602	29.0714	3.6663	159.109	0.2383	0.05495
20211118145630	7.895	43.3643666666667	384	13.8133	13.7561	38.6601	29.0717	3.6635	158.99	0.2445	0.05485
20211118145630	7.895	43.3643666666667	385	13.8127	13.7554	38.6599	29.0717	3.6641	159.017	0.2363	0.05515
20211118145630	7.895	43.3643666666667	386	13.8092	13.7517	38.6594	29.0721	3.6597	158.826	0.2247	0.05465
20211118145630	7.895	43.3643666666667	387	13.8066	13.749	38.659	29.0724	3.6666	159.125	0.2278	0.05525
20211118145630	7.895	43.3643666666667	388	13.8062	13.7484	38.6588	29.0724	3.6644	159.029	0.2279	0.05515
20211118145630	7.895	43.3643666666667	389	13.8042	13.7463	38.6586	29.0727	3.6617	158.911	0.2309	0.05515
20211118145630	7.895	43.3643666666667	390	13.8017	13.7437	38.6581	29.0729	3.6682	159.195	0.2279	0.05515
20211118145630	7.895	43.3643666666667	391	13.8009	13.7427	38.6579	29.0729	3.6691	159.233	0.2212	0.05495
20211118145630	7.895	43.3643666666667	392	13.7998	13.7415	38.6577	29.073	3.6651	159.059	0.2291	0.05515
20211118145630	7.895	43.3643666666667	393	13.7971	13.7387	38.6575	29.0735	3.6651	159.06	0.2368	0.05485
20211118145630	7.895	43.3643666666667	394	13.7952	13.7366	38.6571	29.0736	3.6646	159.039	0.2321	0.05465
20211118145630	7.895	43.3643666666667	395	13.7936	13.7349	38.6567	29.0737	3.665	159.056	0.2345	0.05525
20211118145630	7.895	43.3643666666667	396	13.7899	13.731	38.6561	29.0741	3.6648	159.047	0.2508	0.05485
20211118145630	7.895	43.3643666666667	397	13.7887	13.7297	38.656	29.0742	3.6646	159.036	0.2449	0.05485
20211118145630	7.895	43.3643666666667	398	13.7875	13.7283	38.6557	29.0743	3.6588	158.785	0.2475	0.05495
20211118145630	7.895	43.3643666666667	399	13.7862	13.7269	38.6555	29.0744	3.6638	159.004	0.2344	0.05505
20211118145630	7.895	43.3643666666667	400	13.7836	13.7241	38.6552	29.0748	3.6599	158.831	0.2299	0.05495
20211118145630	7.895	43.3643666666667	401	13.7826	13.723	38.6548	29.0747	3.6653	159.067	0.2281	0.05525
20211118145630	7.895	43.3643666666667	402	13.7807	13.7209	38.6544	29.0749	3.6644	159.029	0.2268	0.05485
20211118145630	7.895	43.3643666666667	403	13.7758	13.7159	38.6535	29.0752	3.6655	159.076	0.2304	0.05465
20211118145630	7.895	43.3643666666667	404	13.7733	13.7132	38.6531	29.0755	3.6692	159.235	0.2303	0.05465
20211118145630	7.895	43.3643666666667	405	13.7693	13.7091	38.6525	29.0759	3.6685	159.204	0.2375	0.05485
