date	lon	lat	pressure	Wt	Wpt	sal	gamma	oxygen.1	oxygen.2	fluo.r	c
20210712111130	7.89868333333333	43.36595	1	23.2009	23.2007	38.3048	26.3836	4.8855	212.576	0.2274	0.1614
20210712111130	7.89868333333333	43.36595	2	23.2008	23.2003	38.3067	26.3851	4.8811	212.388	0.2029	0.1615
20210712111130	7.89868333333333	43.36595	3	23.1936	23.1929	38.3074	26.3878	4.8879	212.683	0.2112	0.1617
20210712111130	7.89868333333333	43.36595	4	23.1852	23.1844	38.3079	26.3907	4.8846	212.537	0.2082	0.1618
20210712111130	7.89868333333333	43.36595	5	23.0875	23.0865	38.3054	26.4176	4.9159	213.893	0.209	0.162
20210712111130	7.89868333333333	43.36595	6	22.92	22.9188	38.3025	26.4645	4.9263	214.338	0.199	0.1634
20210712111130	7.89868333333333	43.36595	7	22.7186	22.7171	38.2923	26.5155	4.9883	217.023	0.2029	0.1645
20210712111130	7.89868333333333	43.36595	8	22.3777	22.3761	38.2886	26.6113	4.9788	216.589	0.1996	0.1642
20210712111130	7.89868333333333	43.36595	9	21.6256	21.6239	38.2303	26.7795	5.2454	228.151	0.1963	0.1644
20210712111130	7.89868333333333	43.36595	10	19.5902	19.5883	38.3092	27.3977	5.4873	238.526	0.2067	0.1757
20210712111130	7.89868333333333	43.36595	11	17.5551	17.5532	38.2611	27.8816	5.9305	257.671	0.2297	0.198
20210712111130	7.89868333333333	43.36595	12	16.6915	16.6896	38.2891	28.1165	6.0822	264.204	0.2417	0.2198
20210712111130	7.89868333333333	43.36595	13	16.3141	16.312	38.3054	28.2192	6.093	264.644	0.2582	0.2313
20210712111130	7.89868333333333	43.36595	14	15.9568	15.9546	38.3111	28.3079	6.1666	267.821	0.255	0.2362
20210712111130	7.89868333333333	43.36595	15	15.7021	15.6997	38.3437	28.3925	6.1715	268.011	0.2588	0.2419
20210712111130	7.89868333333333	43.36595	16	15.5622	15.5596	38.3477	28.428	6.1495	267.046	0.2657	0.2455
20210712111130	7.89868333333333	43.36595	17	15.4231	15.4204	38.3585	28.4684	6.1478	266.963	0.2973	0.2526
20210712111130	7.89868333333333	43.36595	18	15.3138	15.3109	38.3581	28.4931	6.1921	268.877	0.3007	0.2538
20210712111130	7.89868333333333	43.36595	19	15.1559	15.1529	38.3681	28.5369	6.1817	268.416	0.3157	0.2644
20210712111130	7.89868333333333	43.36595	20	15.0903	15.0872	38.3707	28.5538	6.1693	267.871	0.3245	0.2652
20210712111130	7.89868333333333	43.36595	21	14.9449	14.9417	38.3779	28.5923	6.1968	269.057	0.3324	0.2718
20210712111130	7.89868333333333	43.36595	22	15.0118	15.0084	38.3805	28.5792	6.0868	264.283	0.3481	0.2762
20210712111130	7.89868333333333	43.36595	23	14.7811	14.7776	38.3813	28.6317	6.1159	265.535	0.3439	0.2787
20210712111130	7.89868333333333	43.36595	24	14.7052	14.7016	38.3815	28.6489	5.9991	260.459	0.3613	0.2912
20210712111130	7.89868333333333	43.36595	25	14.4281	14.4243	38.3846	28.7128	5.9913	260.103	0.383	0.2954
20210712111130	7.89868333333333	43.36595	26	14.3703	14.3664	38.3913	28.7308	5.9345	257.631	0.4343	0.3182
20210712111130	7.89868333333333	43.36595	27	14.2726	14.2686	38.394	28.7544	5.9393	257.834	0.4714	0.3285
20210712111130	7.89868333333333	43.36595	28	14.2533	14.2491	38.3974	28.7613	5.9156	256.803	0.5425	0.3494
20210712111130	7.89868333333333	43.36595	29	14.1911	14.1868	38.3988	28.776	5.902	256.21	0.5617	0.3523
20210712111130	7.89868333333333	43.36595	30	14.1864	14.182	38.3994	28.7775	5.8707	254.852	0.6073	0.3664
20210712111130	7.89868333333333	43.36595	31	14.1551	14.1505	38.4029	28.7871	5.8515	254.014	0.6733	0.3685
20210712111130	7.89868333333333	43.36595	32	14.1299	14.1252	38.4012	28.7913	5.8168	252.507	0.7077	0.3663
20210712111130	7.89868333333333	43.36595	33	14.0933	14.0884	38.4044	28.8018	5.7672	250.352	0.7391	0.3675
20210712111130	7.89868333333333	43.36595	34	14.0345	14.0295	38.4038	28.8141	5.662	245.785	0.7367	0.3767
20210712111130	7.89868333333333	43.36595	35	13.9955	13.9903	38.4072	28.8253	5.6616	245.764	0.8998	0.3998
20210712111130	7.89868333333333	43.36595	36	13.9829	13.9776	38.4061	28.8271	5.5341	240.226	0.9717	0.409
20210712111130	7.89868333333333	43.36595	37	13.9102	13.9048	38.4146	28.8495	5.5134	239.322	1.0983	0.4171
20210712111130	7.89868333333333	43.36595	38	13.8955	13.8899	38.4166	28.8543	5.4525	236.681	1.3794	0.4515
20210712111130	7.89868333333333	43.36595	39	13.8549	13.8492	38.4186	28.8646	5.405	234.616	1.5044	0.461
20210712111130	7.89868333333333	43.36595	40	13.8327	13.8268	38.4196	28.8702	5.3282	231.28	1.7094	0.4898
20210712111130	7.89868333333333	43.36595	41	13.7955	13.7894	38.4209	28.8792	5.2444	227.641	1.7475	0.4909
20210712111130	7.89868333333333	43.36595	42	13.7879	13.7818	38.4229	28.8825	5.1517	223.615	1.963	0.5277
20210712111130	7.89868333333333	43.36595	43	13.7616	13.7553	38.4252	28.8899	5.0797	220.491	2.0705	0.5434
20210712111130	7.89868333333333	43.36595	44	13.7554	13.749	38.4259	28.8918	4.9784	216.094	2.1984	0.5321
20210712111130	7.89868333333333	43.36595	45	13.7362	13.7296	38.4281	28.8977	4.9123	213.223	2.1617	0.5157
20210712111130	7.89868333333333	43.36595	46	13.735	13.7282	38.4293	28.8989	4.8455	210.324	1.9751	0.4575
20210712111130	7.89868333333333	43.36595	47	13.7137	13.7068	38.4315	28.9052	4.7645	206.805	1.9449	0.4148
20210712111130	7.89868333333333	43.36595	48	13.7088	13.7018	38.4326	28.9071	4.7225	204.98	1.6968	0.3585
20210712111130	7.89868333333333	43.36595	49	13.6897	13.6826	38.4337	28.912	4.6576	202.162	1.6063	0.328
20210712111130	7.89868333333333	43.36595	50	13.6837	13.6764	38.4353	28.9147	4.6477	201.732	1.3277	0.281
20210712111130	7.89868333333333	43.36595	51	13.6808	13.6734	38.4364	28.9161	4.6477	201.735	1.2726	0.2651
20210712111130	7.89868333333333	43.36595	52	13.67	13.6624	38.4389	28.9204	4.6417	201.47	1.4779	0.2799
20210712111130	7.89868333333333	43.36595	53	13.6689	13.6612	38.4393	28.921	4.5978	199.567	1.6941	0.2716
20210712111130	7.89868333333333	43.36595	54	13.6607	13.6528	38.4403	28.9236	4.5768	198.656	1.7049	0.2771
20210712111130	7.89868333333333	43.36595	55	13.6572	13.6491	38.4413	28.9251	4.5585	197.861	1.7652	0.266
20210712111130	7.89868333333333	43.36595	56	13.6516	13.6435	38.4436	28.9281	4.552	197.579	1.4779	0.2314
20210712111130	7.89868333333333	43.36595	57	13.6471	13.6387	38.445	28.9302	4.5602	197.934	1.1732	0.1723
20210712111130	7.89868333333333	43.36595	58	13.6425	13.6341	38.4474	28.9331	4.5622	198.017	0.8048	0.1586
20210712111130	7.89868333333333	43.36595	59	13.641	13.6324	38.4489	28.9346	4.5619	198.005	0.6999	0.1399
20210712111130	7.89868333333333	43.36595	60	13.6388	13.6301	38.4506	28.9364	4.5609	197.961	0.5274	0.1331
20210712111130	7.89868333333333	43.36595	61	13.6381	13.6292	38.4513	28.9371	4.5615	197.988	0.4889	0.1263
20210712111130	7.89868333333333	43.36595	62	13.6377	13.6286	38.4519	28.9377	4.5562	197.759	0.4276	0.1225
20210712111130	7.89868333333333	43.36595	63	13.6344	13.6252	38.4542	28.9402	4.5603	197.934	0.4209	0.1218
20210712111130	7.89868333333333	43.36595	64	13.632	13.6226	38.4565	28.9426	4.5664	198.198	0.4081	0.1166
20210712111130	7.89868333333333	43.36595	65	13.6293	13.6198	38.4577	28.9441	4.563	198.05	0.3816	0.1126
20210712111130	7.89868333333333	43.36595	66	13.6283	13.6186	38.4585	28.945	4.5714	198.414	0.3586	0.1074
20210712111130	7.89868333333333	43.36595	67	13.6267	13.6169	38.4599	28.9464	4.578	198.704	0.3431	0.1056
20210712111130	7.89868333333333	43.36595	68	13.6251	13.6152	38.4611	28.9477	4.5726	198.468	0.3208	0.1011
20210712111130	7.89868333333333	43.36595	69	13.6216	13.6115	38.4617	28.949	4.5688	198.301	0.2916	0.1009
20210712111130	7.89868333333333	43.36595	70	13.6207	13.6105	38.462	28.9494	4.5741	198.533	0.2927	0.1002
20210712111130	7.89868333333333	43.36595	71	13.6175	13.6071	38.4633	28.9512	4.5775	198.679	0.2877	0.0991
20210712111130	7.89868333333333	43.36595	72	13.616	13.6055	38.4645	28.9524	4.5729	198.48	0.2743	0.0971
20210712111130	7.89868333333333	43.36595	73	13.6179	13.6072	38.466	28.9532	4.5573	197.804	0.2716	0.0954
20210712111130	7.89868333333333	43.36595	74	13.6208	13.6101	38.4681	28.9543	4.5485	197.418	0.2584	0.0948
20210712111130	7.89868333333333	43.36595	75	13.6253	13.6144	38.4705	28.9552	4.5296	196.601	0.248	0.0958
20210712111130	7.89868333333333	43.36595	76	13.6265	13.6154	38.4738	28.9575	4.5282	196.539	0.2475	0.0961
20210712111130	7.89868333333333	43.36595	77	13.6253	13.6141	38.4751	28.9588	4.5225	196.289	0.2572	0.0936
20210712111130	7.89868333333333	43.36595	78	13.6223	13.6109	38.4776	28.9614	4.5283	196.544	0.2694	0.0922
20210712111130	7.89868333333333	43.36595	79	13.6219	13.6104	38.4791	28.9627	4.5095	195.724	0.2627	0.0911
20210712111130	7.89868333333333	43.36595	80	13.6196	13.6079	38.4811	28.9647	4.5115	195.812	0.2512	0.0896
20210712111130	7.89868333333333	43.36595	81	13.6188	13.607	38.4831	28.9665	4.5012	195.365	0.2591	0.0889
20210712111130	7.89868333333333	43.36595	82	13.6183	13.6063	38.4861	28.969	4.4946	195.078	0.2549	0.0884
20210712111130	7.89868333333333	43.36595	83	13.6163	13.6042	38.4881	28.971	4.486	194.704	0.2213	0.0868
20210712111130	7.89868333333333	43.36595	84	13.6158	13.6036	38.4889	28.9717	4.4738	194.176	0.2244	0.0861
20210712111130	7.89868333333333	43.36595	85	13.6121	13.5997	38.4894	28.973	4.4858	194.696	0.2126	0.0861
20210712111130	7.89868333333333	43.36595	86	13.609	13.5965	38.4896	28.9738	4.4843	194.631	0.1981	0.0846
20210712111130	7.89868333333333	43.36595	87	13.6063	13.5936	38.4893	28.9742	4.4944	195.07	0.2119	0.0835
20210712111130	7.89868333333333	43.36595	88	13.5927	13.5799	38.4883	28.9763	4.5045	195.507	0.2117	0.0824
20210712111130	7.89868333333333	43.36595	89	13.5882	13.5752	38.4881	28.9771	4.5104	195.764	0.2048	0.0819
20210712111130	7.89868333333333	43.36595	90	13.5845	13.5714	38.4878	28.9778	4.5112	195.796	0.197	0.0814
20210712111130	7.89868333333333	43.36595	91	13.5829	13.5697	38.4879	28.9782	4.5094	195.72	0.2072	0.0795
20210712111130	7.89868333333333	43.36595	92	13.5826	13.5692	38.4881	28.9784	4.5089	195.696	0.204	0.0788
20210712111130	7.89868333333333	43.36595	93	13.582	13.5685	38.4909	28.9808	4.4933	195.018	0.1892	0.0777
20210712111130	7.89868333333333	43.36595	94	13.586	13.5723	38.4936	28.982	4.4934	195.023	0.1925	0.0762
20210712111130	7.89868333333333	43.36595	95	13.5886	13.5747	38.4948	28.9825	4.488	194.789	0.1863	0.0741
20210712111130	7.89868333333333	43.36595	96	13.5912	13.5772	38.4965	28.9833	4.4876	194.771	0.1809	0.0737
20210712111130	7.89868333333333	43.36595	97	13.5918	13.5776	38.4966	28.9832	4.4893	194.845	0.1785	0.0727
20210712111130	7.89868333333333	43.36595	98	13.594	13.5797	38.4976	28.9836	4.4707	194.039	0.17	0.0728
20210712111130	7.89868333333333	43.36595	99	13.5972	13.5828	38.5003	28.985	4.4638	193.738	0.1801	0.0725
20210712111130	7.89868333333333	43.36595	100	13.6006	13.586	38.5017	28.9854	4.4573	193.453	0.1876	0.0723
20210712111130	7.89868333333333	43.36595	101	13.6062	13.5914	38.5048	28.9867	4.4438	192.868	0.1723	0.072
20210712111130	7.89868333333333	43.36595	102	13.6092	13.5943	38.5067	28.9875	4.4278	192.177	0.1647	0.0717
20210712111130	7.89868333333333	43.36595	103	13.623	13.6079	38.5125	28.9891	4.4042	191.152	0.1639	0.0714
20210712111130	7.89868333333333	43.36595	104	13.6373	13.6221	38.5174	28.9898	4.3894	190.506	0.1667	0.0701
20210712111130	7.89868333333333	43.36595	105	13.6482	13.6329	38.5229	28.9918	4.3744	189.857	0.1765	0.0699
20210712111130	7.89868333333333	43.36595	106	13.6537	13.6382	38.5239	28.9915	4.359	189.188	0.16	0.0689
20210712111130	7.89868333333333	43.36595	107	13.6625	13.6469	38.5286	28.9933	4.3234	187.642	0.1507	0.0685
20210712111130	7.89868333333333	43.36595	108	13.6734	13.6576	38.5329	28.9943	4.3151	187.282	0.1528	0.068
20210712111130	7.89868333333333	43.36595	109	13.679	13.6631	38.5358	28.9954	4.2931	186.326	0.1533	0.0676
20210712111130	7.89868333333333	43.36595	110	13.6833	13.6671	38.5384	28.9965	4.2908	186.228	0.1578	0.0674
20210712111130	7.89868333333333	43.36595	111	13.6841	13.6678	38.5386	28.9965	4.2759	185.578	0.1592	0.0669
20210712111130	7.89868333333333	43.36595	112	13.6944	13.678	38.5434	28.998	4.2526	184.571	0.1507	0.0664
20210712111130	7.89868333333333	43.36595	113	13.6989	13.6823	38.5448	28.9983	4.2535	184.608	0.1444	0.0661
20210712111130	7.89868333333333	43.36595	114	13.7011	13.6843	38.5463	28.999	4.2063	182.559	0.1374	0.066
20210712111130	7.89868333333333	43.36595	115	13.7178	13.7009	38.5541	29.0014	4.1811	181.466	0.1353	0.0661
20210712111130	7.89868333333333	43.36595	116	13.724	13.7069	38.5566	29.0021	4.1658	180.802	0.1469	0.0656
20210712111130	7.89868333333333	43.36595	117	13.732	13.7149	38.5615	29.0042	4.119	178.77	0.1528	0.065
20210712111130	7.89868333333333	43.36595	118	13.7431	13.7257	38.5671	29.0062	4.1088	178.329	0.1452	0.0648
20210712111130	7.89868333333333	43.36595	119	13.7508	13.7333	38.5693	29.0063	4.1004	177.96	0.1447	0.0644
20210712111130	7.89868333333333	43.36595	120	13.7537	13.736	38.5718	29.0076	4.0937	177.671	0.1308	0.0651
20210712111130	7.89868333333333	43.36595	121	13.7551	13.7373	38.5729	29.0082	4.0891	177.471	0.1326	0.0646
20210712111130	7.89868333333333	43.36595	122	13.7565	13.7386	38.5747	29.0093	4.0799	177.069	0.1405	0.0644
20210712111130	7.89868333333333	43.36595	123	13.7599	13.7418	38.5762	29.0098	4.0718	176.718	0.1525	0.064
20210712111130	7.89868333333333	43.36595	124	13.7618	13.7436	38.5777	29.0106	4.0644	176.4	0.1408	0.0643
20210712111130	7.89868333333333	43.36595	125	13.7624	13.744	38.5781	29.0108	4.0698	176.632	0.1356	0.0647
20210712111130	7.89868333333333	43.36595	126	13.7641	13.7456	38.5795	29.0116	4.0608	176.243	0.1424	0.0641
20210712111130	7.89868333333333	43.36595	127	13.7671	13.7484	38.5812	29.0123	4.0571	176.083	0.1431	0.0636
20210712111130	7.89868333333333	43.36595	128	13.7664	13.7475	38.5822	29.0132	4.0507	175.806	0.1447	0.0636
20210712111130	7.89868333333333	43.36595	129	13.7685	13.7495	38.5839	29.0141	4.0462	175.607	0.1452	0.0637
20210712111130	7.89868333333333	43.36595	130	13.7669	13.7478	38.5851	29.0155	4.0475	175.666	0.1512	0.064
20210712111130	7.89868333333333	43.36595	131	13.7685	13.7492	38.5857	29.0156	4.0507	175.805	0.1387	0.0636
20210712111130	7.89868333333333	43.36595	132	13.7668	13.7474	38.5852	29.0155	4.0487	175.717	0.1382	0.0638
20210712111130	7.89868333333333	43.36595	133	13.7651	13.7455	38.5847	29.0156	4.0469	175.638	0.1359	0.0642
20210712111130	7.89868333333333	43.36595	134	13.7628	13.743	38.5859	29.017	4.0275	174.794	0.1339	0.0637
20210712111130	7.89868333333333	43.36595	135	13.7685	13.7486	38.5898	29.0188	4.0203	174.485	0.1308	0.0632
20210712111130	7.89868333333333	43.36595	136	13.7727	13.7527	38.5915	29.0193	4.0229	174.597	0.1335	0.0636
20210712111130	7.89868333333333	43.36595	137	13.7733	13.7531	38.5918	29.0195	4.0263	174.745	0.1268	0.0634
20210712111130	7.89868333333333	43.36595	138	13.768	13.7476	38.5908	29.0198	4.0393	175.307	0.1445	0.0632
20210712111130	7.89868333333333	43.36595	139	13.7652	13.7447	38.5901	29.02	4.0406	175.363	0.1469	0.0631
20210712111130	7.89868333333333	43.36595	140	13.7652	13.7446	38.59	29.0199	4.0332	175.043	0.1425	0.0634
20210712111130	7.89868333333333	43.36595	141	13.7656	13.7448	38.5908	29.0205	4.0342	175.084	0.138	0.0633
20210712111130	7.89868333333333	43.36595	142	13.7684	13.7475	38.5915	29.0204	4.0184	174.4	0.1336	0.0632
20210712111130	7.89868333333333	43.36595	143	13.7709	13.7498	38.5931	29.0212	4.0091	173.995	0.1452	0.0632
20210712111130	7.89868333333333	43.36595	144	13.7702	13.749	38.5928	29.0211	4.0096	174.02	0.1384	0.0633
20210712111130	7.89868333333333	43.36595	145	13.7676	13.7462	38.5925	29.0215	4.0191	174.429	0.1247	0.0631
20210712111130	7.89868333333333	43.36595	146	13.7673	13.7457	38.5936	29.0224	4.0138	174.201	0.1307	0.0644
20210712111130	7.89868333333333	43.36595	147	13.7739	13.7522	38.5961	29.023	4.0006	173.628	0.1361	0.0625
20210712111130	7.89868333333333	43.36595	148	13.7785	13.7567	38.5981	29.0236	3.9998	173.592	0.1413	0.0629
20210712111130	7.89868333333333	43.36595	149	13.7712	13.7493	38.597	29.0243	4.0167	174.328	0.1289	0.0624
20210712111130	7.89868333333333	43.36595	150	13.7625	13.7404	38.5966	29.0259	4.0194	174.441	0.1375	0.0625
20210712111130	7.89868333333333	43.36595	151	13.755	13.7328	38.5949	29.0263	4.0275	174.793	0.123	0.0631
20210712111130	7.89868333333333	43.36595	152	13.7494	13.727	38.5945	29.0271	4.0278	174.805	0.1266	0.0625
20210712111130	7.89868333333333	43.36595	153	13.7506	13.728	38.5949	29.0272	4.0323	175.005	0.1343	0.0637
20210712111130	7.89868333333333	43.36595	154	13.752	13.7294	38.5961	29.0279	4.0279	174.812	0.1339	0.0626
20210712111130	7.89868333333333	43.36595	155	13.752	13.7292	38.5961	29.0279	4.0303	174.916	0.13	0.0626
20210712111130	7.89868333333333	43.36595	156	13.7495	13.7265	38.5958	29.0283	4.0305	174.926	0.1283	0.0625
20210712111130	7.89868333333333	43.36595	157	13.7456	13.7225	38.5954	29.0289	4.0276	174.797	0.1295	0.0622
20210712111130	7.89868333333333	43.36595	158	13.7434	13.7201	38.5949	29.0289	4.0283	174.827	0.1209	0.0622
20210712111130	7.89868333333333	43.36595	159	13.7391	13.7156	38.5947	29.0298	4.0272	174.78	0.119	0.062
20210712111130	7.89868333333333	43.36595	160	13.7438	13.7202	38.5964	29.0301	4.0059	173.857	0.1403	0.0621
20210712111130	7.89868333333333	43.36595	161	13.7585	13.7348	38.6037	29.0326	3.9788	172.679	0.1519	0.0615
20210712111130	7.89868333333333	43.36595	162	13.7641	13.7402	38.6056	29.0329	3.9757	172.547	0.1453	0.0619
20210712111130	7.89868333333333	43.36595	163	13.764	13.74	38.6054	29.0328	3.9761	172.564	0.1334	0.0616
20210712111130	7.89868333333333	43.36595	164	13.7584	13.7342	38.6046	29.0335	3.9827	172.851	0.1452	0.0616
20210712111130	7.89868333333333	43.36595	165	13.7549	13.7306	38.6038	29.0336	3.9904	173.182	0.1386	0.0617
20210712111130	7.89868333333333	43.36595	166	13.7535	13.729	38.6034	29.0336	3.9899	173.163	0.1269	0.0621
20210712111130	7.89868333333333	43.36595	167	13.7498	13.7252	38.6029	29.0341	3.9911	173.215	0.1106	0.0619
20210712111130	7.89868333333333	43.36595	168	13.7484	13.7236	38.6034	29.0348	3.9849	172.947	0.1251	0.0619
20210712111130	7.89868333333333	43.36595	169	13.7485	13.7236	38.6034	29.0348	3.985	172.947	0.1353	0.0614
20210712111130	7.89868333333333	43.36595	170	13.7479	13.7228	38.6037	29.0352	3.9852	172.956	0.133	0.0613
20210712111130	7.89868333333333	43.36595	171	13.7486	13.7234	38.6035	29.0349	3.9898	173.159	0.1463	0.0613
20210712111130	7.89868333333333	43.36595	172	13.7463	13.7209	38.6032	29.0352	3.9874	173.054	0.1412	0.0613
20210712111130	7.89868333333333	43.36595	173	13.7433	13.7178	38.6028	29.0356	3.9925	173.275	0.1396	0.0612
20210712111130	7.89868333333333	43.36595	174	13.7415	13.7158	38.602	29.0353	3.9997	173.585	0.144	0.0609
20210712111130	7.89868333333333	43.36595	175	13.7298	13.704	38.6004	29.0366	4.0023	173.7	0.1472	0.0611
20210712111130	7.89868333333333	43.36595	176	13.7283	13.7024	38.6004	29.037	3.9998	173.589	0.148	0.0611
20210712111130	7.89868333333333	43.36595	177	13.7232	13.6971	38.6	29.0379	3.9992	173.564	0.1355	0.0611
20210712111130	7.89868333333333	43.36595	178	13.7237	13.6975	38.6009	29.0384	4.0033	173.744	0.131	0.0611
20210712111130	7.89868333333333	43.36595	179	13.7132	13.6868	38.5991	29.0393	4.0105	174.054	0.126	0.061
20210712111130	7.89868333333333	43.36595	180	13.7077	13.6812	38.5984	29.04	4.0138	174.199	0.1174	0.0609
20210712111130	7.89868333333333	43.36595	181	13.7069	13.6802	38.5984	29.0402	4.0129	174.16	0.1214	0.0612
20210712111130	7.89868333333333	43.36595	182	13.7067	13.6799	38.5983	29.0402	4.0121	174.125	0.1112	0.0611
20210712111130	7.89868333333333	43.36595	183	13.7064	13.6795	38.5984	29.0403	4.0093	174.002	0.123	0.0611
20210712111130	7.89868333333333	43.36595	184	13.7063	13.6792	38.5982	29.0402	4.013	174.163	0.1396	0.0613
20210712111130	7.89868333333333	43.36595	185	13.7034	13.6762	38.5978	29.0406	4.01	174.034	0.1396	0.0612
20210712111130	7.89868333333333	43.36595	186	13.7034	13.6761	38.5977	29.0406	4.0155	174.272	0.1227	0.0613
20210712111130	7.89868333333333	43.36595	187	13.703	13.6755	38.5981	29.041	4.0088	173.98	0.126	0.061
20210712111130	7.89868333333333	43.36595	188	13.7039	13.6762	38.5985	29.0411	3.9959	173.421	0.1408	0.061
20210712111130	7.89868333333333	43.36595	189	13.7074	13.6796	38.6004	29.0419	3.993	173.295	0.1342	0.0611
20210712111130	7.89868333333333	43.36595	190	13.7097	13.6818	38.6012	29.0421	3.9901	173.168	0.1388	0.0608
20210712111130	7.89868333333333	43.36595	191	13.7138	13.6857	38.6036	29.043	3.9817	172.804	0.1274	0.0606
20210712111130	7.89868333333333	43.36595	192	13.7159	13.6876	38.6042	29.0431	3.9812	172.784	0.1299	0.0609
20210712111130	7.89868333333333	43.36595	193	13.7153	13.6868	38.604	29.0431	3.9867	173.022	0.1243	0.0609
20210712111130	7.89868333333333	43.36595	194	13.7144	13.6859	38.6045	29.0437	3.9832	172.868	0.1333	0.061
20210712111130	7.89868333333333	43.36595	195	13.7153	13.6865	38.6047	29.0437	3.9723	172.396	0.1451	0.0608
20210712111130	7.89868333333333	43.36595	196	13.7187	13.6898	38.6075	29.0452	3.9648	172.069	0.1369	0.0608
20210712111130	7.89868333333333	43.36595	197	13.7184	13.6894	38.6076	29.0454	3.9646	172.064	0.1372	0.0608
20210712111130	7.89868333333333	43.36595	198	13.7189	13.6898	38.6081	29.0457	3.9753	172.526	0.1473	0.0604
20210712111130	7.89868333333333	43.36595	199	13.7221	13.6928	38.6097	29.0463	3.9726	172.407	0.1249	0.06
20210712111130	7.89868333333333	43.36595	200	13.721	13.6915	38.6087	29.0458	3.9479	171.335	0.1396	0.0608
20210712111130	7.89868333333333	43.36595	201	13.7204	13.6907	38.61	29.0469	3.9389	170.945	0.1347	0.0603
20210712111130	7.89868333333333	43.36595	202	13.7196	13.6898	38.61	29.0471	3.9413	171.052	0.1342	0.0602
20210712111130	7.89868333333333	43.36595	203	13.7195	13.6896	38.6099	29.0471	3.9534	171.577	0.1357	0.0609
20210712111130	7.89868333333333	43.36595	204	13.7178	13.6877	38.6104	29.0479	3.9585	171.795	0.1435	0.0603
20210712111130	7.89868333333333	43.36595	205	13.7186	13.6884	38.6106	29.0479	3.9467	171.283	0.1467	0.0603
20210712111130	7.89868333333333	43.36595	206	13.7202	13.6898	38.6116	29.0484	3.9199	170.122	0.1304	0.0599
20210712111130	7.89868333333333	43.36595	207	13.7256	13.6951	38.6145	29.0496	3.9157	169.94	0.1263	0.0598
20210712111130	7.89868333333333	43.36595	208	13.729	13.6984	38.6159	29.0499	3.9083	169.617	0.1129	0.0594
20210712111130	7.89868333333333	43.36595	209	13.7324	13.7016	38.6173	29.0503	3.9073	169.574	0.1246	0.0597
20210712111130	7.89868333333333	43.36595	210	13.7328	13.7019	38.6176	29.0504	3.9011	169.307	0.1425	0.0599
20210712111130	7.89868333333333	43.36595	211	13.7355	13.7044	38.6186	29.0507	3.9048	169.465	0.135	0.0597
20210712111130	7.89868333333333	43.36595	212	13.7394	13.7081	38.6205	29.0514	3.8986	169.194	0.1361	0.0599
20210712111130	7.89868333333333	43.36595	213	13.7431	13.7117	38.6217	29.0515	3.8902	168.831	0.1314	0.0597
20210712111130	7.89868333333333	43.36595	214	13.7434	13.7119	38.6216	29.0514	3.8991	169.22	0.1334	0.0597
20210712111130	7.89868333333333	43.36595	215	13.7437	13.712	38.6219	29.0516	3.899	169.214	0.1448	0.0597
20210712111130	7.89868333333333	43.36595	216	13.7438	13.712	38.6217	29.0514	3.8995	169.235	0.1464	0.0596
20210712111130	7.89868333333333	43.36595	217	13.7448	13.7128	38.622	29.0515	3.897	169.126	0.1225	0.0601
20210712111130	7.89868333333333	43.36595	218	13.7478	13.7157	38.6237	29.0522	3.8907	168.854	0.1269	0.0596
20210712111130	7.89868333333333	43.36595	219	13.7478	13.7155	38.6233	29.052	3.8764	168.234	0.126	0.06
20210712111130	7.89868333333333	43.36595	220	13.7796	13.7471	38.6368	29.0556	3.8406	166.68	0.1142	0.0597
20210712111130	7.89868333333333	43.36595	221	13.7959	13.7632	38.6403	29.0549	3.8527	167.204	0.1308	0.0596
20210712111130	7.89868333333333	43.36595	222	13.787	13.7542	38.6368	29.0541	3.8461	166.918	0.1442	0.06
20210712111130	7.89868333333333	43.36595	223	13.7942	13.7612	38.6396	29.0548	3.843	166.781	0.1422	0.06
20210712111130	7.89868333333333	43.36595	224	13.7944	13.7613	38.6396	29.0547	3.848	166.998	0.1495	0.0598
20210712111130	7.89868333333333	43.36595	225	13.7947	13.7614	38.6396	29.0547	3.8481	167.002	0.1235	0.0601
20210712111130	7.89868333333333	43.36595	226	13.7934	13.7599	38.6392	29.0547	3.8432	166.793	0.1304	0.06
20210712111130	7.89868333333333	43.36595	227	13.7938	13.7602	38.6392	29.0547	3.8203	165.797	0.1361	0.0597
20210712111130	7.89868333333333	43.36595	228	13.841	13.8072	38.6564	29.0579	3.7912	164.533	0.1373	0.0598
20210712111130	7.89868333333333	43.36595	229	13.8631	13.8291	38.6617	29.0573	3.7907	164.514	0.1432	0.0606
20210712111130	7.89868333333333	43.36595	230	13.8684	13.8343	38.6636	29.0576	3.7879	164.392	0.1476	0.0609
20210712111130	7.89868333333333	43.36595	231	13.8757	13.8414	38.6659	29.0578	3.7835	164.202	0.1464	0.0609
20210712111130	7.89868333333333	43.36595	232	13.8752	13.8408	38.666	29.058	3.7812	164.098	0.1391	0.0614
20210712111130	7.89868333333333	43.36595	233	13.876	13.8414	38.666	29.058	3.7829	164.172	0.1213	0.0614
20210712111130	7.89868333333333	43.36595	234	13.8767	13.8419	38.6661	29.0579	3.78	164.047	0.1118	0.0612
20210712111130	7.89868333333333	43.36595	235	13.8772	13.8422	38.6664	29.058	3.7777	163.947	0.1115	0.061
20210712111130	7.89868333333333	43.36595	236	13.8765	13.8415	38.6661	29.058	3.7773	163.932	0.1276	0.0611
20210712111130	7.89868333333333	43.36595	237	13.8779	13.8427	38.6668	29.0582	3.779	164.005	0.1204	0.0615
20210712111130	7.89868333333333	43.36595	238	13.8769	13.8415	38.6663	29.0581	3.78	164.046	0.1182	0.0612
20210712111130	7.89868333333333	43.36595	239	13.8733	13.8377	38.6654	29.0582	3.7851	164.267	0.1112	0.0611
20210712111130	7.89868333333333	43.36595	240	13.8689	13.8333	38.665	29.0589	3.775	163.83	0.1145	0.0617
20210712111130	7.89868333333333	43.36595	241	13.8706	13.8348	38.6649	29.0585	3.7744	163.804	0.1273	0.0611
20210712111130	7.89868333333333	43.36595	242	13.8661	13.8302	38.6646	29.0593	3.7781	163.967	0.1194	0.0613
20210712111130	7.89868333333333	43.36595	243	13.8658	13.8297	38.6644	29.0592	3.7752	163.84	0.1253	0.061
20210712111130	7.89868333333333	43.36595	244	13.8627	13.8265	38.6638	29.0594	3.7774	163.934	0.1184	0.0609
20210712111130	7.89868333333333	43.36595	245	13.8619	13.8255	38.6638	29.0597	3.7788	163.996	0.1214	0.0605
20210712111130	7.89868333333333	43.36595	246	13.8617	13.8251	38.6638	29.0597	3.7722	163.71	0.1209	0.0607
20210712111130	7.89868333333333	43.36595	247	13.8602	13.8235	38.6637	29.06	3.7722	163.711	0.1246	0.0611
20210712111130	7.89868333333333	43.36595	248	13.8572	13.8203	38.6632	29.0603	3.7723	163.713	0.1328	0.0607
20210712111130	7.89868333333333	43.36595	249	13.8539	13.8169	38.663	29.0609	3.7696	163.595	0.1302	0.0605
20210712111130	7.89868333333333	43.36595	250	13.8548	13.8176	38.6632	29.0609	3.7714	163.672	0.1305	0.0605
20210712111130	7.89868333333333	43.36595	251	13.8528	13.8156	38.6633	29.0614	3.7755	163.853	0.1352	0.0606
20210712111130	7.89868333333333	43.36595	252	13.8535	13.8161	38.6633	29.0613	3.7723	163.714	0.1339	0.0603
20210712111130	7.89868333333333	43.36595	253	13.8528	13.8152	38.6629	29.0611	3.767	163.484	0.1294	0.0606
20210712111130	7.89868333333333	43.36595	254	13.8519	13.8142	38.663	29.0615	3.7681	163.531	0.1367	0.0604
20210712111130	7.89868333333333	43.36595	255	13.8533	13.8155	38.6631	29.0613	3.7693	163.584	0.1209	0.0602
20210712111130	7.89868333333333	43.36595	256	13.8538	13.8158	38.6639	29.0618	3.7683	163.538	0.1281	0.0601
20210712111130	7.89868333333333	43.36595	257	13.8548	13.8166	38.6641	29.0618	3.7652	163.404	0.1241	0.0602
20210712111130	7.89868333333333	43.36595	258	13.8578	13.8194	38.6656	29.0624	3.7674	163.501	0.1242	0.06
20210712111130	7.89868333333333	43.36595	259	13.8592	13.8207	38.6658	29.0623	3.763	163.31	0.1313	0.0598
20210712111130	7.89868333333333	43.36595	260	13.8604	13.8217	38.6668	29.0627	3.7617	163.253	0.1293	0.0605
20210712111130	7.89868333333333	43.36595	261	13.8611	13.8223	38.6669	29.0628	3.7659	163.437	0.1215	0.0599
20210712111130	7.89868333333333	43.36595	262	13.862	13.823	38.6675	29.063	3.7642	163.361	0.1263	0.0599
20210712111130	7.89868333333333	43.36595	263	13.8622	13.8231	38.6675	29.063	3.7591	163.141	0.1258	0.0604
20210712111130	7.89868333333333	43.36595	264	13.8622	13.823	38.6672	29.0628	3.7543	162.93	0.1023	0.0607
20210712111130	7.89868333333333	43.36595	265	13.8569	13.8175	38.6666	29.0635	3.765	163.398	0.115	0.0605
20210712111130	7.89868333333333	43.36595	266	13.8547	13.8151	38.6662	29.0637	3.7617	163.254	0.1192	0.0604
20210712111130	7.89868333333333	43.36595	267	13.8508	13.8111	38.6652	29.0638	3.7606	163.206	0.1182	0.0605
20210712111130	7.89868333333333	43.36595	268	13.8486	13.8088	38.6658	29.0648	3.755	162.962	0.1294	0.0602
20210712111130	7.89868333333333	43.36595	269	13.8477	13.8077	38.6657	29.065	3.7543	162.932	0.1196	0.06
20210712111130	7.89868333333333	43.36595	270	13.8424	13.8022	38.6645	29.0652	3.754	162.92	0.1154	0.0606
20210712111130	7.89868333333333	43.36595	271	13.8374	13.7972	38.6636	29.0656	3.7527	162.861	0.1257	0.0601
20210712111130	7.89868333333333	43.36595	272	13.8351	13.7947	38.6628	29.0655	3.7568	163.04	0.113	0.06
20210712111130	7.89868333333333	43.36595	273	13.8313	13.7908	38.6624	29.066	3.7589	163.132	0.1165	0.06
20210712111130	7.89868333333333	43.36595	274	13.829	13.7884	38.662	29.0663	3.7514	162.807	0.1298	0.0599
20210712111130	7.89868333333333	43.36595	275	13.8253	13.7844	38.6609	29.0663	3.7539	162.915	0.1345	0.0598
20210712111130	7.89868333333333	43.36595	276	13.8135	13.7726	38.6585	29.0669	3.7558	162.996	0.1312	0.0599
20210712111130	7.89868333333333	43.36595	277	13.8126	13.7716	38.6584	29.0671	3.7561	163.008	0.1207	0.0607
20210712111130	7.89868333333333	43.36595	278	13.7991	13.7579	38.6554	29.0677	3.7571	163.053	0.1328	0.0598
20210712111130	7.89868333333333	43.36595	279	13.7976	13.7562	38.6552	29.0679	3.7584	163.108	0.1357	0.0598
20210712111130	7.89868333333333	43.36595	280	13.7971	13.7556	38.6551	29.068	3.7534	162.892	0.1337	0.0596
20210712111130	7.89868333333333	43.36595	281	13.7982	13.7566	38.655	29.0677	3.7511	162.794	0.1431	0.0596
20210712111130	7.89868333333333	43.36595	282	13.7951	13.7533	38.6547	29.0682	3.756	163.007	0.1306	0.0598
20210712111130	7.89868333333333	43.36595	283	13.7953	13.7533	38.6546	29.0681	3.759	163.134	0.1286	0.0598
20210712111130	7.89868333333333	43.36595	284	13.793	13.7509	38.654	29.0681	3.7508	162.78	0.1134	0.0595
20210712111130	7.89868333333333	43.36595	285	13.7913	13.7491	38.6538	29.0684	3.752	162.83	0.1223	0.0594
20210712111130	7.89868333333333	43.36595	286	13.7906	13.7482	38.6536	29.0684	3.7541	162.923	0.1236	0.0597
20210712111130	7.89868333333333	43.36595	287	13.7848	13.7423	38.6523	29.0687	3.7552	162.97	0.1229	0.0594
20210712111130	7.89868333333333	43.36595	288	13.7825	13.7398	38.652	29.069	3.7571	163.053	0.1211	0.0595
20210712111130	7.89868333333333	43.36595	289	13.7826	13.7397	38.6521	29.0691	3.7484	162.673	0.1262	0.0595
20210712111130	7.89868333333333	43.36595	290	13.7808	13.7378	38.6521	29.0695	3.752	162.833	0.1212	0.0596
20210712111130	7.89868333333333	43.36595	291	13.782	13.7389	38.6525	29.0695	3.7537	162.905	0.1201	0.0596
20210712111130	7.89868333333333	43.36595	292	13.7814	13.7379	38.6533	29.0704	3.759	163.132	0.1172	0.0599
20210712111130	7.89868333333333	43.36595	293	13.7934	13.7501	38.6571	29.0707	3.7552	162.967	0.1225	0.0598
20210712111130	7.89868333333333	43.36595	294	13.7959	13.7523	38.6576	29.0707	3.7485	162.678	0.1196	0.0598
20210712111130	7.89868333333333	43.36595	295	13.7975	13.7538	38.6582	29.0708	3.7521	162.837	0.1206	0.0595
20210712111130	7.89868333333333	43.36595	296	13.7948	13.7509	38.6576	29.0709	3.7497	162.731	0.1233	0.0598
20210712111130	7.89868333333333	43.36595	297	13.7904	13.7464	38.6569	29.0714	3.7503	162.755	0.1181	0.06
20210712111130	7.89868333333333	43.36595	298	13.7871	13.7429	38.6561	29.0715	3.7496	162.726	0.1191	0.0597
20210712111130	7.89868333333333	43.36595	299	13.7831	13.7388	38.6554	29.0718	3.7492	162.71	0.1074	0.0602
20210712111130	7.89868333333333	43.36595	300	13.7829	13.7384	38.6554	29.0719	3.7558	162.996	0.1228	0.0601
20210712111130	7.89868333333333	43.36595	301	13.7833	13.7387	38.6554	29.0719	3.7572	163.058	0.1222	0.0598
20210712111130	7.89868333333333	43.36595	302	13.7847	13.74	38.6558	29.0718	3.75	162.742	0.124	0.0599
20210712130430	7.89683333333333	43.3678	1	23.246	23.2458	38.3078	26.3726	4.8773	212.224	0.2035	0.1765
20210712130430	7.89683333333333	43.3678	2	23.2106	23.2102	38.3099	26.3846	4.8899	212.769	0.1909	0.1603
20210712130430	7.89683333333333	43.3678	3	23.196	23.1954	38.3098	26.3889	4.8908	212.805	0.1805	0.1589
20210712130430	7.89683333333333	43.3678	4	23.172	23.1711	38.3097	26.396	4.9033	213.351	0.2006	0.159
20210712130430	7.89683333333333	43.3678	5	23.13	23.129	38.3089	26.4078	4.9095	213.617	0.1962	0.1594
20210712130430	7.89683333333333	43.3678	6	23.0656	23.0644	38.3076	26.4258	4.9149	213.849	0.1981	0.1606
20210712130430	7.89683333333333	43.3678	7	22.9118	22.9103	38.3047	26.4687	4.9481	215.284	0.1883	0.1598
20210712130430	7.89683333333333	43.3678	8	22.462	22.4603	38.2959	26.5925	5.0266	218.671	0.1884	0.1597
20210712130430	7.89683333333333	43.3678	9	21.2625	21.2607	38.2779	26.9176	5.2597	228.74	0.1871	0.1635
20210712130430	7.89683333333333	43.3678	10	18.442	18.4402	38.252	27.6463	5.8433	253.938	0.1967	0.1875
20210712130430	7.89683333333333	43.3678	11	17.1841	17.1822	38.2456	27.9636	6.0634	263.424	0.2084	0.1989
20210712130430	7.89683333333333	43.3678	12	16.7262	16.7242	38.2835	28.1038	6.1317	266.356	0.2075	0.2036
20210712130430	7.89683333333333	43.3678	13	16.4709	16.4688	38.3092	28.1848	6.1328	266.382	0.212	0.2216
20210712130430	7.89683333333333	43.3678	14	16.1517	16.1495	38.3202	28.2691	6.1728	268.096	0.2195	0.2349
20210712130430	7.89683333333333	43.3678	15	15.9161	15.9137	38.3365	28.3371	6.1633	267.667	0.2245	0.2424
20210712130430	7.89683333333333	43.3678	16	15.6014	15.5989	38.3396	28.4126	6.1931	268.94	0.2433	0.2505
20210712130430	7.89683333333333	43.3678	17	15.374	15.3713	38.3536	28.4758	6.216	269.919	0.2811	0.264
20210712130430	7.89683333333333	43.3678	18	15.1945	15.1917	38.3536	28.5169	6.2206	270.11	0.2993	0.2795
20210712130430	7.89683333333333	43.3678	19	15.1259	15.123	38.3592	28.5369	6.1955	269.012	0.3151	0.2796
20210712130430	7.89683333333333	43.3678	20	14.9862	14.9831	38.3638	28.572	6.1385	266.53	0.3179	0.2826
20210712130430	7.89683333333333	43.3678	21	14.8295	14.8263	38.374	28.6152	6.0901	264.416	0.3388	0.289
20210712130430	7.89683333333333	43.3678	22	14.6075	14.6041	38.3811	28.6703	6.0242	261.544	0.3517	0.3005
20210712130430	7.89683333333333	43.3678	23	14.4572	14.4537	38.3815	28.704	6.0009	260.523	0.3816	0.316
20210712130430	7.89683333333333	43.3678	24	14.3448	14.3412	38.3934	28.738	5.9674	259.061	0.435	0.3224
20210712130430	7.89683333333333	43.3678	25	14.3004	14.2967	38.3951	28.7491	5.9233	257.143	0.4666	0.3534
20210712130430	7.89683333333333	43.3678	26	14.244	14.2401	38.3978	28.7635	5.8975	256.02	0.5259	0.3562
20210712130430	7.89683333333333	43.3678	27	14.206	14.2019	38.3997	28.7733	5.8835	255.409	0.5498	0.3723
20210712130430	7.89683333333333	43.3678	28	14.1629	14.1587	38.3999	28.783	5.8542	254.135	0.5992	0.3725
20210712130430	7.89683333333333	43.3678	29	14.0903	14.0859	38.402	28.8005	5.7614	250.102	0.6621	0.3759
20210712130430	7.89683333333333	43.3678	30	13.9946	13.9902	38.4038	28.8227	5.673	246.257	0.7178	0.4033
20210712130430	7.89683333333333	43.3678	31	13.9442	13.9396	38.4113	28.8394	5.6093	243.489	0.8689	0.4856
20210712130430	7.89683333333333	43.3678	32	13.9229	13.9182	38.4128	28.8452	5.5101	239.18	1.0825	0.5111
20210712130430	7.89683333333333	43.3678	33	13.8679	13.8631	38.415	28.8588	5.4533	236.713	1.4761	0.5313
20210712130430	7.89683333333333	43.3678	34	13.8366	13.8316	38.4171	28.8672	5.381	233.573	1.7099	0.5288
20210712130430	7.89683333333333	43.3678	35	13.8126	13.8074	38.4178	28.873	5.3176	230.82	1.8918	0.5068
20210712130430	7.89683333333333	43.3678	36	13.7879	13.7826	38.4203	28.8802	5.2694	228.726	1.9504	0.4945
20210712130430	7.89683333333333	43.3678	37	13.7697	13.7642	38.4215	28.8851	5.1696	224.393	1.9731	0.5138
20210712130430	7.89683333333333	43.3678	38	13.7552	13.7496	38.4243	28.8904	5.0764	220.346	2.1048	0.5053
20210712130430	7.89683333333333	43.3678	39	13.7373	13.7316	38.4276	28.8968	4.9456	214.666	2.1094	0.4918
20210712130430	7.89683333333333	43.3678	40	13.7232	13.7173	38.4314	28.9028	4.7917	207.984	2.0826	0.4831
20210712130430	7.89683333333333	43.3678	41	13.7062	13.7002	38.4331	28.9078	4.7178	204.779	2.0847	0.4218
20210712130430	7.89683333333333	43.3678	42	13.6908	13.6847	38.4335	28.9115	4.6804	203.155	2.009	0.3401
20210712130430	7.89683333333333	43.3678	43	13.6827	13.6764	38.4348	28.9142	4.6576	202.165	1.7518	0.2916
20210712130430	7.89683333333333	43.3678	44	13.6783	13.6718	38.4363	28.9164	4.6415	201.464	1.4589	0.2587
20210712130430	7.89683333333333	43.3678	45	13.674	13.6674	38.437	28.9178	4.6189	200.482	1.346	0.2569
20210712130430	7.89683333333333	43.3678	46	13.6693	13.6625	38.4387	28.9202	4.5843	198.979	1.2459	0.2901
20210712130430	7.89683333333333	43.3678	47	13.6643	13.6575	38.4398	28.9222	4.5699	198.355	1.5082	0.3008
20210712130430	7.89683333333333	43.3678	48	13.6591	13.652	38.4411	28.9243	4.5607	197.954	2.0215	0.2815
20210712130430	7.89683333333333	43.3678	49	13.6556	13.6484	38.4424	28.9262	4.5536	197.647	1.9217	0.2164
20210712130430	7.89683333333333	43.3678	50	13.6521	13.6448	38.4436	28.9278	4.5576	197.822	1.2635	0.1926
20210712130430	7.89683333333333	43.3678	51	13.6492	13.6417	38.4449	28.9294	4.5551	197.709	1.0378	0.1656
20210712130430	7.89683333333333	43.3678	52	13.6437	13.6362	38.4478	28.9329	4.5625	198.03	0.7573	0.1481
20210712130430	7.89683333333333	43.3678	53	13.6392	13.6314	38.4507	28.9362	4.5628	198.044	0.61	0.137
20210712130430	7.89683333333333	43.3678	54	13.6369	13.629	38.4529	28.9384	4.56	197.921	0.5042	0.1254
20210712130430	7.89683333333333	43.3678	55	13.6355	13.6275	38.454	28.9396	4.5616	197.993	0.4687	0.1197
20210712130430	7.89683333333333	43.3678	56	13.6347	13.6266	38.4551	28.9406	4.567	198.226	0.4657	0.1131
20210712130430	7.89683333333333	43.3678	57	13.6328	13.6245	38.4563	28.942	4.5707	198.385	0.4196	0.1118
20210712130430	7.89683333333333	43.3678	58	13.63	13.6216	38.458	28.9439	4.5627	198.036	0.3927	0.1082
20210712130430	7.89683333333333	43.3678	59	13.6272	13.6186	38.4588	28.9452	4.5633	198.064	0.3779	0.1056
20210712130430	7.89683333333333	43.3678	60	13.6262	13.6174	38.4607	28.9469	4.5613	197.979	0.3649	0.1028
20210712130430	7.89683333333333	43.3678	61	13.6224	13.6136	38.4615	28.9484	4.5718	198.432	0.3409	0.0995
20210712130430	7.89683333333333	43.3678	62	13.6191	13.6101	38.4622	28.9496	4.5646	198.118	0.3295	0.098
20210712130430	7.89683333333333	43.3678	63	13.6194	13.6102	38.4638	28.9509	4.5657	198.168	0.3125	0.0967
20210712130430	7.89683333333333	43.3678	64	13.6182	13.6089	38.465	28.952	4.5625	198.026	0.2955	0.0949
20210712130430	7.89683333333333	43.3678	65	13.619	13.6095	38.466	28.9527	4.562	198.008	0.2902	0.0938
20210712130430	7.89683333333333	43.3678	66	13.6204	13.6107	38.4677	28.9538	4.5666	198.208	0.2696	0.091
20210712130430	7.89683333333333	43.3678	67	13.6216	13.6119	38.4696	28.9551	4.5606	197.943	0.2677	0.0888
20210712130430	7.89683333333333	43.3678	68	13.6214	13.6115	38.4707	28.9559	4.5592	197.885	0.2442	0.0879
20210712130430	7.89683333333333	43.3678	69	13.6215	13.6115	38.4716	28.9566	4.5516	197.555	0.2412	0.0863
20210712130430	7.89683333333333	43.3678	70	13.622	13.6118	38.4741	28.9585	4.5388	196.997	0.2491	0.0864
20210712130430	7.89683333333333	43.3678	71	13.6224	13.612	38.4759	28.9599	4.5226	196.295	0.2428	0.0851
20210712130430	7.89683333333333	43.3678	72	13.6197	13.6092	38.4774	28.9617	4.5217	196.256	0.2389	0.0872
20210712130430	7.89683333333333	43.3678	73	13.62	13.6093	38.4782	28.9623	4.5163	196.021	0.2413	0.0865
20210712130430	7.89683333333333	43.3678	74	13.6179	13.6071	38.4782	28.9627	4.5134	195.895	0.2365	0.0858
20210712130430	7.89683333333333	43.3678	75	13.6138	13.6029	38.4788	28.9641	4.5142	195.929	0.2417	0.0852
20210712130430	7.89683333333333	43.3678	76	13.6116	13.6005	38.481	28.9663	4.5101	195.75	0.2414	0.0852
20210712130430	7.89683333333333	43.3678	77	13.6118	13.6006	38.4839	28.9685	4.4978	195.216	0.2395	0.0837
20210712130430	7.89683333333333	43.3678	78	13.6116	13.6002	38.4864	28.9705	4.5039	195.483	0.2421	0.0828
20210712130430	7.89683333333333	43.3678	79	13.6099	13.5984	38.4866	28.9711	4.5089	195.696	0.2253	0.0815
20210712130430	7.89683333333333	43.3678	80	13.5998	13.5876	38.4857	28.9726	4.512	195.832	0.2357	0.081
20210712130430	7.89683333333333	43.3678	81	13.5994	13.5876	38.4872	28.9738	4.5047	195.513	0.2266	0.0795
20210712130430	7.89683333333333	43.3678	82	13.6036	13.5917	38.4894	28.9746	4.4898	194.868	0.2205	0.079
20210712130430	7.89683333333333	43.3678	83	13.6037	13.5916	38.4895	28.9748	4.4884	194.808	0.2165	0.0787
20210712130430	7.89683333333333	43.3678	84	13.6032	13.5909	38.4894	28.9748	4.4983	195.236	0.203	0.0782
20210712130430	7.89683333333333	43.3678	85	13.5944	13.582	38.4885	28.976	4.51	195.744	0.1966	0.079
20210712130430	7.89683333333333	43.3678	86	13.5875	13.5749	38.4874	28.9767	4.5109	195.783	0.2021	0.0777
20210712130430	7.89683333333333	43.3678	87	13.585	13.5723	38.4875	28.9773	4.5087	195.69	0.1928	0.0767
20210712130430	7.89683333333333	43.3678	88	13.5869	13.574	38.4909	28.9796	4.4986	195.25	0.1987	0.0755
20210712130430	7.89683333333333	43.3678	89	13.5932	13.5802	38.4944	28.981	4.4847	194.645	0.2037	0.0722
20210712130430	7.89683333333333	43.3678	90	13.5951	13.582	38.4957	28.9816	4.4874	194.761	0.197	0.0709
20210712130430	7.89683333333333	43.3678	91	13.5964	13.5831	38.4968	28.9822	4.4825	194.552	0.1754	0.0704
20210712130430	7.89683333333333	43.3678	92	13.598	13.5846	38.4982	28.983	4.4733	194.148	0.1738	0.0694
20210712130430	7.89683333333333	43.3678	93	13.6033	13.5898	38.501	28.9841	4.4633	193.718	0.1758	0.0693
20210712130430	7.89683333333333	43.3678	94	13.6123	13.5985	38.5052	28.9855	4.4522	193.235	0.1652	0.0685
20210712130430	7.89683333333333	43.3678	95	13.6228	13.609	38.51	28.9869	4.446	192.966	0.1772	0.0674
20210712130430	7.89683333333333	43.3678	96	13.6268	13.6128	38.5121	28.9878	4.4409	192.742	0.1686	0.0664
20210712130430	7.89683333333333	43.3678	97	13.6328	13.6187	38.5148	28.9886	4.4305	192.291	0.1683	0.0672
20210712130430	7.89683333333333	43.3678	98	13.6367	13.6223	38.5167	28.9893	4.4245	192.03	0.177	0.0661
20210712130430	7.89683333333333	43.3678	99	13.6378	13.6233	38.5171	28.9894	4.429	192.226	0.1704	0.0659
20210712130430	7.89683333333333	43.3678	100	13.6383	13.6237	38.5172	28.9894	4.4202	191.842	0.1544	0.0655
20210712130430	7.89683333333333	43.3678	101	13.6409	13.6262	38.5184	28.9898	4.3991	190.929	0.1572	0.0653
20210712130430	7.89683333333333	43.3678	102	13.6446	13.6297	38.5204	28.9905	4.3975	190.861	0.1693	0.0652
20210712130430	7.89683333333333	43.3678	103	13.6469	13.6319	38.5215	28.991	4.3803	190.114	0.1594	0.0653
20210712130430	7.89683333333333	43.3678	104	13.6482	13.633	38.5227	28.9917	4.3625	189.342	0.148	0.0653
20210712130430	7.89683333333333	43.3678	105	13.652	13.6367	38.5242	28.992	4.3528	188.918	0.1761	0.0655
20210712130430	7.89683333333333	43.3678	106	13.6613	13.6458	38.5295	28.9942	4.3204	187.514	0.1637	0.0649
20210712130430	7.89683333333333	43.3678	107	13.6712	13.6555	38.5335	28.9952	4.312	187.148	0.1565	0.0643
20210712130430	7.89683333333333	43.3678	108	13.6772	13.6614	38.5359	28.9959	4.3017	186.7	0.1673	0.064
20210712130430	7.89683333333333	43.3678	109	13.6826	13.6667	38.5384	28.9966	4.2941	186.37	0.1637	0.0641
20210712130430	7.89683333333333	43.3678	110	13.6868	13.6707	38.5399	28.9969	4.2766	185.612	0.1533	0.0635
20210712130430	7.89683333333333	43.3678	111	13.6949	13.6786	38.5439	28.9983	4.2598	184.883	0.1545	0.0636
20210712130430	7.89683333333333	43.3678	112	13.6984	13.6819	38.5456	28.9989	4.2486	184.394	0.1592	0.0629
20210712130430	7.89683333333333	43.3678	113	13.7019	13.6853	38.5472	28.9994	4.2379	183.931	0.1592	0.0628
20210712130430	7.89683333333333	43.3678	114	13.7052	13.6885	38.5488	29	4.2084	182.648	0.1532	0.0631
20210712130430	7.89683333333333	43.3678	115	13.7151	13.6982	38.553	29.0012	4.185	181.636	0.1607	0.0626
20210712130430	7.89683333333333	43.3678	116	13.7235	13.7064	38.5567	29.0023	4.1496	180.096	0.1509	0.0624
20210712130430	7.89683333333333	43.3678	117	13.7332	13.716	38.5622	29.0045	4.1321	179.338	0.1515	0.0627
20210712130430	7.89683333333333	43.3678	118	13.7433	13.7259	38.566	29.0053	4.118	178.726	0.1469	0.0618
20210712130430	7.89683333333333	43.3678	119	13.7481	13.7306	38.5687	29.0064	4.102	178.032	0.1681	0.0611
20210712130430	7.89683333333333	43.3678	120	13.7517	13.734	38.5705	29.007	4.102	178.03	0.1504	0.0613
20210712130430	7.89683333333333	43.3678	121	13.7534	13.7356	38.5714	29.0074	4.0882	177.434	0.1511	0.061
20210712130430	7.89683333333333	43.3678	122	13.7544	13.7364	38.5725	29.0081	4.0957	177.758	0.1539	0.0612
20210712130430	7.89683333333333	43.3678	123	13.7546	13.7365	38.5731	29.0085	4.0903	177.522	0.1482	0.0609
20210712130430	7.89683333333333	43.3678	124	13.7548	13.7365	38.5732	29.0086	4.0848	177.282	0.1501	0.0611
20210712130430	7.89683333333333	43.3678	125	13.7546	13.7363	38.5736	29.009	4.0903	177.524	0.1542	0.0609
20210712130430	7.89683333333333	43.3678	126	13.7544	13.7359	38.574	29.0093	4.0901	177.513	0.1445	0.0612
20210712130430	7.89683333333333	43.3678	127	13.7566	13.7379	38.5751	29.0098	4.0791	177.038	0.147	0.0611
20210712130430	7.89683333333333	43.3678	128	13.7592	13.7403	38.5763	29.0102	4.0734	176.79	0.1337	0.0608
20210712130430	7.89683333333333	43.3678	129	13.7611	13.7421	38.5773	29.0106	4.0733	176.787	0.1518	0.0609
20210712130430	7.89683333333333	43.3678	130	13.7646	13.7455	38.5792	29.0113	4.055	175.992	0.1588	0.0606
20210712130430	7.89683333333333	43.3678	131	13.7673	13.748	38.5807	29.012	4.0581	176.125	0.1468	0.0608
20210712130430	7.89683333333333	43.3678	132	13.768	13.7485	38.5813	29.0123	4.0558	176.024	0.1511	0.0617
20210712130430	7.89683333333333	43.3678	133	13.7662	13.7467	38.5814	29.0128	4.0613	176.263	0.1425	0.0606
20210712130430	7.89683333333333	43.3678	134	13.7598	13.7401	38.5812	29.014	4.0708	176.678	0.148	0.0609
20210712130430	7.89683333333333	43.3678	135	13.7573	13.7374	38.5813	29.0147	4.0773	176.959	0.1444	0.0608
20210712130430	7.89683333333333	43.3678	136	13.7533	13.7332	38.5812	29.0155	4.0752	176.868	0.1522	0.0609
20210712130430	7.89683333333333	43.3678	137	13.7567	13.7365	38.583	29.0162	4.0664	176.486	0.1557	0.0612
20210712130430	7.89683333333333	43.3678	138	13.7548	13.7345	38.5835	29.017	4.0644	176.398	0.153	0.0603
20210712130430	7.89683333333333	43.3678	139	13.7544	13.7339	38.5844	29.0178	4.0633	176.352	0.1365	0.0607
20210712130430	7.89683333333333	43.3678	140	13.7553	13.7347	38.5856	29.0186	4.0525	175.88	0.1317	0.0607
20210712130430	7.89683333333333	43.3678	141	13.7599	13.7391	38.5883	29.0198	4.0475	175.662	0.1397	0.0604
20210712130430	7.89683333333333	43.3678	142	13.7623	13.7414	38.5892	29.02	4.0454	175.571	0.1372	0.0601
20210712130430	7.89683333333333	43.3678	143	13.7614	13.7404	38.589	29.02	4.0459	175.593	0.1521	0.0602
20210712130430	7.89683333333333	43.3678	144	13.7589	13.7376	38.5886	29.0203	4.0351	175.126	0.1618	0.0604
20210712130430	7.89683333333333	43.3678	145	13.7649	13.7436	38.5907	29.0207	4.0256	174.711	0.1629	0.0605
20210712130430	7.89683333333333	43.3678	146	13.7702	13.7487	38.5938	29.0219	4.0107	174.065	0.1499	0.0598
20210712130430	7.89683333333333	43.3678	147	13.7678	13.7462	38.5945	29.023	4.0121	174.125	0.1366	0.0598
20210712130430	7.89683333333333	43.3678	148	13.7674	13.7456	38.5948	29.0234	4.009	173.992	0.1406	0.0596
20210712130430	7.89683333333333	43.3678	149	13.7692	13.7473	38.5962	29.0241	4.0026	173.712	0.1449	0.0598
20210712130430	7.89683333333333	43.3678	150	13.7754	13.7533	38.5985	29.0246	4.0016	173.669	0.1489	0.0598
20210712130430	7.89683333333333	43.3678	151	13.7727	13.7505	38.5981	29.0249	4.0061	173.865	0.1576	0.0598
20210712130430	7.89683333333333	43.3678	152	13.7691	13.7467	38.5973	29.0251	4.0075	173.927	0.1531	0.06
20210712130430	7.89683333333333	43.3678	153	13.7613	13.7387	38.5964	29.0261	4.0105	174.055	0.1395	0.0602
20210712130430	7.89683333333333	43.3678	154	13.7588	13.7361	38.5966	29.0268	4.0188	174.416	0.1337	0.0598
20210712130430	7.89683333333333	43.3678	155	13.7561	13.7333	38.5962	29.0271	4.0252	174.695	0.1377	0.0594
20210712130430	7.89683333333333	43.3678	156	13.7525	13.7296	38.5952	29.0272	4.0298	174.895	0.1458	0.0595
20210712130430	7.89683333333333	43.3678	157	13.7475	13.7244	38.5943	29.0276	4.0317	174.978	0.1483	0.0595
20210712130430	7.89683333333333	43.3678	158	13.7446	13.7214	38.5938	29.0278	4.0357	175.152	0.1448	0.0592
20210712130430	7.89683333333333	43.3678	159	13.7441	13.7206	38.594	29.0281	4.0329	175.027	0.1434	0.0595
20210712130430	7.89683333333333	43.3678	160	13.7456	13.7221	38.595	29.0286	4.0317	174.978	0.1545	0.0594
20210712130430	7.89683333333333	43.3678	161	13.7451	13.7213	38.595	29.0287	4.031	174.945	0.1455	0.0594
20210712130430	7.89683333333333	43.3678	162	13.7438	13.7199	38.5949	29.029	4.03	174.901	0.1394	0.0591
20210712130430	7.89683333333333	43.3678	163	13.7427	13.7187	38.5954	29.0297	4.014	174.208	0.1437	0.0592
20210712130430	7.89683333333333	43.3678	164	13.7524	13.7283	38.5997	29.0309	4.0013	173.655	0.1391	0.0593
20210712130430	7.89683333333333	43.3678	165	13.755	13.7307	38.6011	29.0315	3.9974	173.485	0.1412	0.0587
20210712130430	7.89683333333333	43.3678	166	13.7541	13.7297	38.6028	29.033	3.9897	173.154	0.1334	0.059
20210712130430	7.89683333333333	43.3678	167	13.7545	13.7299	38.6039	29.0338	3.9933	173.311	0.1461	0.0585
20210712130430	7.89683333333333	43.3678	168	13.7546	13.7299	38.6038	29.0337	3.9898	173.158	0.1601	0.0587
20210712130430	7.89683333333333	43.3678	169	13.7542	13.7293	38.6038	29.0339	3.9896	173.15	0.1516	0.0584
20210712130430	7.89683333333333	43.3678	170	13.7528	13.7278	38.6038	29.0342	3.9869	173.029	0.141	0.0587
20210712130430	7.89683333333333	43.3678	171	13.7515	13.7263	38.6039	29.0346	3.9885	173.099	0.1529	0.0586
20210712130430	7.89683333333333	43.3678	172	13.7503	13.725	38.6036	29.0347	3.9843	172.918	0.1494	0.0584
20210712130430	7.89683333333333	43.3678	173	13.7491	13.7236	38.6036	29.0349	3.988	173.077	0.1491	0.0581
20210712130430	7.89683333333333	43.3678	174	13.7471	13.7214	38.6033	29.0352	3.9899	173.162	0.1505	0.0585
20210712130430	7.89683333333333	43.3678	175	13.7379	13.7122	38.6019	29.0361	3.9965	173.447	0.1491	0.058
20210712130430	7.89683333333333	43.3678	176	13.7281	13.7022	38.6003	29.037	4.0036	173.753	0.1661	0.0583
20210712130430	7.89683333333333	43.3678	177	13.7227	13.6967	38.5995	29.0376	4.0005	173.621	0.1605	0.0582
20210712130430	7.89683333333333	43.3678	178	13.7247	13.6985	38.6006	29.038	3.9979	173.507	0.1411	0.0582
20210712130430	7.89683333333333	43.3678	179	13.7262	13.6998	38.6015	29.0384	4.0023	173.7	0.1421	0.0581
20210712130430	7.89683333333333	43.3678	180	13.7178	13.6913	38.5999	29.039	4.0002	173.607	0.1351	0.0582
20210712130430	7.89683333333333	43.3678	181	13.7128	13.6861	38.5994	29.0397	4.01	174.034	0.1449	0.0583
20210712130430	7.89683333333333	43.3678	182	13.7108	13.6841	38.599	29.0399	4.0136	174.189	0.1352	0.0582
20210712130430	7.89683333333333	43.3678	183	13.7076	13.6807	38.5986	29.0403	4.0163	174.308	0.1408	0.0584
20210712130430	7.89683333333333	43.3678	184	13.7071	13.68	38.5984	29.0403	4.0166	174.321	0.1546	0.0583
20210712130430	7.89683333333333	43.3678	185	13.705	13.6778	38.5982	29.0406	4.0153	174.261	0.163	0.058
20210712130430	7.89683333333333	43.3678	186	13.704	13.6766	38.598	29.0407	4.0127	174.15	0.1543	0.0577
20210712130430	7.89683333333333	43.3678	187	13.7036	13.676	38.5979	29.0407	4.0186	174.407	0.1563	0.0579
20210712130430	7.89683333333333	43.3678	188	13.7044	13.6768	38.5982	29.0408	4.016	174.292	0.138	0.058
20210712130430	7.89683333333333	43.3678	189	13.706	13.6782	38.5995	29.0415	4.0005	173.62	0.1464	0.0579
20210712130430	7.89683333333333	43.3678	190	13.7107	13.6828	38.6014	29.042	3.9919	173.245	0.1352	0.0577
20210712130430	7.89683333333333	43.3678	191	13.7162	13.688	38.6033	29.0423	3.9848	172.938	0.1368	0.0579
20210712130430	7.89683333333333	43.3678	192	13.7211	13.6928	38.6051	29.0427	3.9837	172.893	0.135	0.0578
20210712130430	7.89683333333333	43.3678	193	13.7216	13.6931	38.6058	29.0431	3.9815	172.794	0.1398	0.0578
20210712130430	7.89683333333333	43.3678	194	13.7193	13.6908	38.6055	29.0435	3.9832	172.868	0.1501	0.0578
20210712130430	7.89683333333333	43.3678	195	13.7174	13.6887	38.6051	29.0436	3.9836	172.888	0.1516	0.0576
20210712130430	7.89683333333333	43.3678	196	13.7163	13.6875	38.6049	29.0437	3.9897	173.152	0.1387	0.0579
20210712130430	7.89683333333333	43.3678	197	13.7163	13.6873	38.6049	29.0437	3.9858	172.983	0.1451	0.0577
20210712130430	7.89683333333333	43.3678	198	13.7175	13.6883	38.6058	29.0442	3.9668	172.156	0.13	0.0577
20210712130430	7.89683333333333	43.3678	199	13.7186	13.6893	38.6073	29.0452	3.9645	172.058	0.1294	0.0577
20210712130430	7.89683333333333	43.3678	200	13.7182	13.6888	38.6075	29.0454	3.9604	171.881	0.1306	0.0575
20210712130430	7.89683333333333	43.3678	201	13.7186	13.689	38.6075	29.0454	3.9602	171.87	0.1344	0.0574
20210712130430	7.89683333333333	43.3678	202	13.7202	13.6904	38.6083	29.0457	3.967	172.166	0.1286	0.0571
20210712130430	7.89683333333333	43.3678	203	13.7208	13.6909	38.6087	29.0459	3.9675	172.186	0.1257	0.0575
20210712130430	7.89683333333333	43.3678	204	13.7208	13.6908	38.609	29.0462	3.966	172.121	0.1312	0.0573
20210712130430	7.89683333333333	43.3678	205	13.7221	13.6919	38.6096	29.0464	3.9616	171.93	0.1396	0.0576
20210712130430	7.89683333333333	43.3678	206	13.7209	13.6906	38.6095	29.0466	3.9572	171.741	0.1423	0.057
20210712130430	7.89683333333333	43.3678	207	13.7216	13.6911	38.6103	29.0471	3.9368	170.854	0.1521	0.0569
20210712130430	7.89683333333333	43.3678	208	13.7229	13.6922	38.6115	29.0478	3.9287	170.504	0.1481	0.0569
20210712130430	7.89683333333333	43.3678	209	13.7226	13.6918	38.612	29.0483	3.922	170.212	0.1388	0.057
20210712130430	7.89683333333333	43.3678	210	13.7221	13.6911	38.6123	29.0486	3.9373	170.877	0.1374	0.0568
20210712130430	7.89683333333333	43.3678	211	13.7251	13.694	38.6142	29.0495	3.9342	170.742	0.1515	0.0566
20210712130430	7.89683333333333	43.3678	212	13.7285	13.6973	38.6152	29.0496	3.9265	170.406	0.1441	0.0569
20210712130430	7.89683333333333	43.3678	213	13.7279	13.6964	38.6155	29.05	3.9228	170.246	0.1435	0.0568
20210712130430	7.89683333333333	43.3678	214	13.7302	13.6986	38.6165	29.0503	3.907	169.561	0.1336	0.0562
20210712130430	7.89683333333333	43.3678	215	13.747	13.7152	38.6218	29.0508	3.9049	169.468	0.1373	0.0564
20210712130430	7.89683333333333	43.3678	216	13.758	13.7262	38.6247	29.0508	3.8922	168.919	0.1249	0.057
20210712130430	7.89683333333333	43.3678	217	13.7723	13.7402	38.6302	29.052	3.8617	167.594	0.1278	0.0571
20210712130430	7.89683333333333	43.3678	218	13.8004	13.7682	38.6382	29.0522	3.8481	167.004	0.135	0.0573
20210712130430	7.89683333333333	43.3678	219	13.8101	13.7777	38.641	29.0523	3.8416	166.724	0.1373	0.0579
20210712130430	7.89683333333333	43.3678	220	13.8232	13.7906	38.6455	29.053	3.8311	166.267	0.1558	0.0584
20210712130430	7.89683333333333	43.3678	221	13.8222	13.7895	38.6451	29.0529	3.8316	166.286	0.1447	0.0581
20210712130430	7.89683333333333	43.3678	222	13.8207	13.7879	38.6449	29.0531	3.8307	166.247	0.1402	0.0579
20210712130430	7.89683333333333	43.3678	223	13.8194	13.7863	38.6447	29.0533	3.8286	166.16	0.1444	0.0585
20210712130430	7.89683333333333	43.3678	224	13.8166	13.7834	38.6442	29.0535	3.8303	166.232	0.1242	0.0574
20210712130430	7.89683333333333	43.3678	225	13.8173	13.784	38.6445	29.0537	3.8312	166.269	0.1518	0.0577
20210712130430	7.89683333333333	43.3678	226	13.8182	13.7847	38.6447	29.0537	3.8248	165.993	0.1436	0.0578
20210712130430	7.89683333333333	43.3678	227	13.8187	13.785	38.6448	29.0536	3.828	166.134	0.143	0.0575
20210712130430	7.89683333333333	43.3678	228	13.825	13.7912	38.6474	29.0543	3.8118	165.43	0.1475	0.0577
20210712130430	7.89683333333333	43.3678	229	13.8483	13.8143	38.6552	29.0554	3.7963	164.756	0.1371	0.0577
20210712130430	7.89683333333333	43.3678	230	13.861	13.8268	38.6597	29.0562	3.7895	164.46	0.1312	0.0583
20210712130430	7.89683333333333	43.3678	231	13.8626	13.8283	38.6602	29.0562	3.7887	164.424	0.1323	0.0581
20210712130430	7.89683333333333	43.3678	232	13.8572	13.8228	38.6591	29.0566	3.7936	164.639	0.1414	0.0581
20210712130430	7.89683333333333	43.3678	233	13.8527	13.8181	38.6584	29.057	3.7912	164.534	0.1604	0.0576
20210712130430	7.89683333333333	43.3678	234	13.8526	13.8178	38.6582	29.057	3.7934	164.63	0.1493	0.0578
20210712130430	7.89683333333333	43.3678	235	13.8544	13.8195	38.6589	29.0572	3.7949	164.693	0.141	0.0585
20210712130430	7.89683333333333	43.3678	236	13.856	13.8209	38.6597	29.0575	3.7912	164.535	0.14	0.0581
20210712130430	7.89683333333333	43.3678	237	13.8567	13.8215	38.66	29.0576	3.7907	164.513	0.1373	0.0578
20210712130430	7.89683333333333	43.3678	238	13.8651	13.8298	38.6627	29.0579	3.7789	164.002	0.1308	0.0578
20210712130430	7.89683333333333	43.3678	239	13.8705	13.835	38.6643	29.058	3.7731	163.75	0.1335	0.0586
20210712130430	7.89683333333333	43.3678	240	13.8693	13.8336	38.664	29.0581	3.7787	163.993	0.1437	0.0583
20210712130430	7.89683333333333	43.3678	241	13.8663	13.8305	38.6634	29.0583	3.7805	164.071	0.1416	0.0582
20210712130430	7.89683333333333	43.3678	242	13.864	13.828	38.6629	29.0584	3.7745	163.808	0.137	0.0578
20210712130430	7.89683333333333	43.3678	243	13.8641	13.828	38.6631	29.0586	3.7727	163.732	0.1372	0.058
20210712130430	7.89683333333333	43.3678	244	13.8638	13.8275	38.6631	29.0587	3.7796	164.032	0.1417	0.0584
20210712130430	7.89683333333333	43.3678	245	13.8623	13.8259	38.663	29.059	3.7763	163.887	0.1524	0.0583
20210712130430	7.89683333333333	43.3678	246	13.8583	13.8218	38.6623	29.0593	3.7713	163.671	0.1475	0.0578
20210712130430	7.89683333333333	43.3678	247	13.8538	13.8171	38.6613	29.0595	3.7744	163.804	0.1546	0.0585
20210712130430	7.89683333333333	43.3678	248	13.8521	13.8153	38.6611	29.0598	3.778	163.962	0.1461	0.0576
20210712130430	7.89683333333333	43.3678	249	13.8516	13.8146	38.6608	29.0597	3.7753	163.843	0.1362	0.0578
20210712130430	7.89683333333333	43.3678	250	13.8509	13.8138	38.6609	29.0599	3.7705	163.633	0.1447	0.0576
20210712130430	7.89683333333333	43.3678	251	13.8513	13.814	38.6612	29.0601	3.7713	163.669	0.1518	0.0576
20210712130430	7.89683333333333	43.3678	252	13.8512	13.8137	38.6613	29.0602	3.7696	163.597	0.1415	0.0571
20210712130430	7.89683333333333	43.3678	253	13.8508	13.8133	38.6612	29.0603	3.7701	163.617	0.1351	0.0573
20210712130430	7.89683333333333	43.3678	254	13.8501	13.8124	38.6611	29.0604	3.7714	163.675	0.1322	0.0575
20210712130430	7.89683333333333	43.3678	255	13.8519	13.814	38.6623	29.0609	3.7687	163.556	0.1292	0.0573
20210712130430	7.89683333333333	43.3678	256	13.8547	13.8167	38.6637	29.0615	3.7636	163.335	0.1359	0.0575
20210712130430	7.89683333333333	43.3678	257	13.8557	13.8175	38.6647	29.0621	3.766	163.441	0.1326	0.0571
20210712130430	7.89683333333333	43.3678	258	13.855	13.8167	38.6652	29.0627	3.7623	163.281	0.135	0.0572
20210712130430	7.89683333333333	43.3678	259	13.8542	13.8158	38.6651	29.0628	3.7577	163.079	0.1388	0.0574
20210712130430	7.89683333333333	43.3678	260	13.8559	13.8173	38.6659	29.0631	3.7612	163.231	0.1415	0.057
20210712130430	7.89683333333333	43.3678	261	13.8551	13.8163	38.6658	29.0632	3.7571	163.051	0.1307	0.0577
20210712130430	7.89683333333333	43.3678	262	13.8484	13.8094	38.6646	29.0637	3.7569	163.044	0.1271	0.0574
20210712130430	7.89683333333333	43.3678	263	13.8435	13.8045	38.6639	29.0643	3.7657	163.426	0.1391	0.0579
20210712130430	7.89683333333333	43.3678	264	13.8456	13.8064	38.6648	29.0646	3.7641	163.355	0.1384	0.0574
20210712130430	7.89683333333333	43.3678	265	13.8479	13.8086	38.6655	29.0646	3.7549	162.958	0.1353	0.0575
20210712130430	7.89683333333333	43.3678	266	13.8485	13.809	38.6656	29.0646	3.7558	162.997	0.1385	0.0577
20210712130430	7.89683333333333	43.3678	267	13.8445	13.8049	38.6647	29.0648	3.7593	163.151	0.1352	0.0576
20210712130430	7.89683333333333	43.3678	268	13.8388	13.799	38.6634	29.0651	3.7611	163.228	0.1401	0.0575
20210712130430	7.89683333333333	43.3678	269	13.8372	13.7972	38.6631	29.0652	3.7595	163.155	0.1455	0.0572
20210712130430	7.89683333333333	43.3678	270	13.8338	13.7938	38.6622	29.0653	3.756	163.007	0.1316	0.0576
20210712130430	7.89683333333333	43.3678	271	13.8303	13.79	38.6614	29.0654	3.7577	163.079	0.1266	0.0575
20210712130430	7.89683333333333	43.3678	272	13.8286	13.7882	38.661	29.0655	3.7595	163.156	0.1292	0.0571
20210712130430	7.89683333333333	43.3678	273	13.826	13.7855	38.6603	29.0656	3.7652	163.405	0.1339	0.057
20210712130430	7.89683333333333	43.3678	274	13.8229	13.7823	38.6599	29.0659	3.7594	163.153	0.141	0.0567
20210712130430	7.89683333333333	43.3678	275	13.8207	13.7799	38.6595	29.0662	3.758	163.091	0.148	0.057
20210712130430	7.89683333333333	43.3678	276	13.816	13.7751	38.6587	29.0666	3.7578	163.082	0.1481	0.0573
20210712130430	7.89683333333333	43.3678	277	13.8122	13.7711	38.6584	29.0672	3.7535	162.898	0.1438	0.0572
20210712130430	7.89683333333333	43.3678	278	13.8135	13.7723	38.6587	29.0671	3.7572	163.057	0.1364	0.057
20210712130430	7.89683333333333	43.3678	279	13.8125	13.7711	38.658	29.0669	3.7612	163.229	0.148	0.0567
20210712130430	7.89683333333333	43.3678	280	13.7983	13.7567	38.655	29.0677	3.7593	163.15	0.1398	0.0572
20210712130430	7.89683333333333	43.3678	281	13.7917	13.7501	38.6532	29.0677	3.7566	163.031	0.1368	0.057
20210712130430	7.89683333333333	43.3678	282	13.7879	13.7461	38.6527	29.0682	3.7549	162.956	0.1368	0.0568
20210712130430	7.89683333333333	43.3678	283	13.7869	13.7449	38.6529	29.0686	3.7562	163.012	0.1406	0.0569
20210712130430	7.89683333333333	43.3678	284	13.7879	13.7458	38.6534	29.0688	3.7628	163.298	0.1447	0.057
20210712130430	7.89683333333333	43.3678	285	13.7907	13.7485	38.6545	29.069	3.758	163.093	0.1371	0.0573
20210712130430	7.89683333333333	43.3678	286	13.7971	13.7547	38.6571	29.0697	3.7551	162.967	0.1434	0.057
20210712130430	7.89683333333333	43.3678	287	13.803	13.7604	38.6595	29.0704	3.7569	163.046	0.1392	0.0573
20210712130430	7.89683333333333	43.3678	288	13.8034	13.7607	38.6598	29.0705	3.7576	163.074	0.1366	0.0579
20210712130430	7.89683333333333	43.3678	289	13.8013	13.7584	38.6595	29.0708	3.7547	162.95	0.1396	0.0577
20210712130430	7.89683333333333	43.3678	290	13.8005	13.7575	38.6593	29.0708	3.7537	162.904	0.1366	0.0576
20210712130430	7.89683333333333	43.3678	291	13.8	13.7568	38.6591	29.0708	3.7551	162.964	0.1365	0.0577
20210712130430	7.89683333333333	43.3678	292	13.801	13.7577	38.6594	29.0709	3.7571	163.053	0.1347	0.0576
20210712130430	7.89683333333333	43.3678	293	13.8048	13.7614	38.6617	29.0719	3.7542	162.926	0.1211	0.0578
20210712130430	7.89683333333333	43.3678	294	13.8104	13.7667	38.663	29.0717	3.7466	162.598	0.1395	0.0578
20210712130430	7.89683333333333	43.3678	295	13.8121	13.7683	38.664	29.0722	3.7502	162.754	0.1456	0.0583
20210712130430	7.89683333333333	43.3678	296	13.8159	13.772	38.6653	29.0724	3.7557	162.991	0.1565	0.0579
20210712130430	7.89683333333333	43.3678	297	13.8216	13.7775	38.6679	29.0732	3.7571	163.05	0.153	0.058
20210712130430	7.89683333333333	43.3678	298	13.8386	13.7943	38.6737	29.074	3.7549	162.955	0.1413	0.0584
20210712130430	7.89683333333333	43.3678	299	13.8441	13.7996	38.6754	29.0742	3.7508	162.778	0.1332	0.0585
20210712130430	7.89683333333333	43.3678	300	13.8485	13.8039	38.6768	29.0744	3.7547	162.949	0.1353	0.0586
20210712130430	7.89683333333333	43.3678	301	13.8491	13.8043	38.6767	29.0742	3.7603	163.19	0.1495	0.0587
20210712130430	7.89683333333333	43.3678	302	13.8491	13.8042	38.6767	29.0742	3.7499	162.741	0.1568	0.0592
20210712130430	7.89683333333333	43.3678	303	13.8479	13.8029	38.6762	29.0742	3.7571	163.052	0.1479	0.0588
20210712130430	7.89683333333333	43.3678	304	13.8443	13.7991	38.6755	29.0744	3.7522	162.838	0.1367	0.059
20210712130430	7.89683333333333	43.3678	305	13.8421	13.7967	38.675	29.0745	3.7451	162.529	0.1293	0.0589
20210712130430	7.89683333333333	43.3678	306	13.8379	13.7924	38.6739	29.0746	3.754	162.915	0.1404	0.0589
20210712130430	7.89683333333333	43.3678	307	13.8363	13.7906	38.6736	29.0748	3.7578	163.081	0.149	0.0591
20210712130430	7.89683333333333	43.3678	308	13.8351	13.7893	38.6733	29.0748	3.7545	162.939	0.1482	0.059
20210712130430	7.89683333333333	43.3678	309	13.8341	13.7882	38.673	29.0748	3.7516	162.813	0.1513	0.0589
20210712130430	7.89683333333333	43.3678	310	13.8316	13.7855	38.6723	29.0749	3.7542	162.925	0.1464	0.0588
20210712130430	7.89683333333333	43.3678	311	13.8278	13.7816	38.6716	29.0752	3.7521	162.833	0.1532	0.0587
20210712130430	7.89683333333333	43.3678	312	13.8273	13.781	38.6715	29.0752	3.7522	162.839	0.1481	0.0584
20210712130430	7.89683333333333	43.3678	313	13.8259	13.7794	38.6712	29.0753	3.7485	162.676	0.1441	0.0587
20210712130430	7.89683333333333	43.3678	314	13.8249	13.7782	38.6709	29.0753	3.7571	163.052	0.1551	0.059
20210712130430	7.89683333333333	43.3678	315	13.8217	13.7748	38.6703	29.0756	3.7521	162.832	0.1405	0.0586
20210712130430	7.89683333333333	43.3678	316	13.8175	13.7705	38.6694	29.0758	3.7525	162.853	0.1393	0.0586
20210712130430	7.89683333333333	43.3678	317	13.8163	13.7692	38.6691	29.0759	3.7564	163.021	0.1296	0.0585
20210712130430	7.89683333333333	43.3678	318	13.8156	13.7683	38.669	29.076	3.7547	162.948	0.1272	0.0587
20210712130430	7.89683333333333	43.3678	319	13.8139	13.7665	38.669	29.0764	3.7509	162.78	0.1487	0.0576
20210712130430	7.89683333333333	43.3678	320	13.8114	13.7639	38.6683	29.0764	3.7472	162.622	0.1418	0.0579
20210712130430	7.89683333333333	43.3678	321	13.8062	13.7585	38.6673	29.0768	3.7452	162.536	0.1435	0.0578
20210712130430	7.89683333333333	43.3678	322	13.7992	13.7513	38.6658	29.0771	3.7462	162.577	0.149	0.0577
20210712130430	7.89683333333333	43.3678	323	13.7956	13.7477	38.6652	29.0775	3.7499	162.737	0.1447	0.0574
20210712130430	7.89683333333333	43.3678	324	13.7956	13.7475	38.6651	29.0775	3.7498	162.734	0.1403	0.0573
20210712130430	7.89683333333333	43.3678	325	13.7955	13.7473	38.665	29.0775	3.7434	162.457	0.1291	0.0577
20210712130430	7.89683333333333	43.3678	326	13.7947	13.7463	38.665	29.0776	3.751	162.784	0.1216	0.0575
20210712130430	7.89683333333333	43.3678	327	13.7912	13.7427	38.6644	29.0779	3.7509	162.783	0.1359	0.0575
20210712130430	7.89683333333333	43.3678	328	13.7876	13.739	38.6639	29.0784	3.7453	162.537	0.1528	0.0572
20210712130430	7.89683333333333	43.3678	329	13.7865	13.7376	38.6636	29.0784	3.7521	162.833	0.1471	0.0573
20210712130430	7.89683333333333	43.3678	330	13.7858	13.7368	38.6636	29.0786	3.754	162.916	0.1349	0.0571
20210712130430	7.89683333333333	43.3678	331	13.7845	13.7354	38.6635	29.0788	3.7549	162.957	0.1357	0.0568
20210712130430	7.89683333333333	43.3678	332	13.7836	13.7343	38.6635	29.0791	3.7561	163.008	0.1426	0.0576
20210712130430	7.89683333333333	43.3678	333	13.7822	13.7328	38.6631	29.0791	3.7521	162.833	0.1487	0.0573
20210712130430	7.89683333333333	43.3678	334	13.7807	13.7312	38.6627	29.0791	3.749	162.697	0.1322	0.0569
20210712130430	7.89683333333333	43.3678	335	13.7801	13.7304	38.6627	29.0793	3.7541	162.921	0.1409	0.0568
20210712130430	7.89683333333333	43.3678	336	13.7799	13.73	38.6627	29.0793	3.7483	162.67	0.143	0.0573
20210712130430	7.89683333333333	43.3678	337	13.7792	13.7291	38.6625	29.0794	3.7458	162.559	0.1383	0.0581
20210712130430	7.89683333333333	43.3678	338	13.7779	13.7277	38.6623	29.0796	3.7531	162.877	0.1357	0.0576
20210712130430	7.89683333333333	43.3678	339	13.7765	13.7261	38.662	29.0796	3.7529	162.87	0.1332	0.0573
20210712130430	7.89683333333333	43.3678	340	13.7752	13.7248	38.6617	29.0797	3.7463	162.583	0.139	0.0571
20210712130430	7.89683333333333	43.3678	341	13.7745	13.7239	38.6616	29.0798	3.7524	162.849	0.1433	0.0574
20210712130430	7.89683333333333	43.3678	342	13.7735	13.7228	38.6614	29.0799	3.7516	162.811	0.1357	0.0573
20210712130430	7.89683333333333	43.3678	343	13.7728	13.7218	38.6613	29.0801	3.753	162.874	0.1461	0.0569
20210712130430	7.89683333333333	43.3678	344	13.7721	13.721	38.6611	29.08	3.7516	162.81	0.1366	0.0572
20210712130430	7.89683333333333	43.3678	345	13.7722	13.721	38.661	29.0799	3.7535	162.893	0.1355	0.0571
20210712130430	7.89683333333333	43.3678	346	13.7694	13.718	38.6602	29.08	3.7509	162.779	0.1429	0.0574
20210712130430	7.89683333333333	43.3678	347	13.7642	13.7127	38.6593	29.0804	3.7539	162.913	0.1416	0.0578
20210712130430	7.89683333333333	43.3678	348	13.7601	13.7085	38.6584	29.0807	3.7501	162.744	0.1321	0.0571
20210712130430	7.89683333333333	43.3678	349	13.7567	13.7049	38.6577	29.0809	3.7496	162.724	0.1412	0.0569
20210712130430	7.89683333333333	43.3678	350	13.7554	13.7035	38.6573	29.0809	3.747	162.614	0.1394	0.0574
20210712130430	7.89683333333333	43.3678	351	13.7522	13.7001	38.6567	29.0811	3.7495	162.719	0.1458	0.057
20210712130430	7.89683333333333	43.3678	352	13.7503	13.6981	38.6564	29.0813	3.7478	162.648	0.1437	0.0568
20210712130430	7.89683333333333	43.3678	353	13.7493	13.6969	38.6561	29.0814	3.7484	162.672	0.1444	0.0565
20210712130430	7.89683333333333	43.3678	354	13.748	13.6955	38.6558	29.0814	3.7477	162.644	0.1531	0.0561
20210712130430	7.89683333333333	43.3678	355	13.7477	13.695	38.6557	29.0814	3.7475	162.635	0.1585	0.0567
20210712130430	7.89683333333333	43.3678	356	13.7462	13.6934	38.6552	29.0814	3.7457	162.554	0.1565	0.0561
20210712130430	7.89683333333333	43.3678	357	13.7454	13.6924	38.6551	29.0815	3.7483	162.669	0.1374	0.0558
20210712130430	7.89683333333333	43.3678	358	13.7449	13.6918	38.6548	29.0815	3.7434	162.455	0.1444	0.056
20210712130430	7.89683333333333	43.3678	359	13.7445	13.6912	38.6546	29.0814	3.7461	162.572	0.1328	0.056
20210712130430	7.89683333333333	43.3678	360	13.7429	13.6895	38.6544	29.0816	3.7474	162.631	0.1346	0.0559
20210712130430	7.89683333333333	43.3678	361	13.7412	13.6877	38.6539	29.0816	3.7409	162.347	0.1387	0.0555
20210712130430	7.89683333333333	43.3678	362	13.7387	13.685	38.6533	29.0817	3.7418	162.386	0.1376	0.0557
20210712130430	7.89683333333333	43.3678	363	13.7352	13.6814	38.6526	29.082	3.7432	162.447	0.1485	0.056
20210712130430	7.89683333333333	43.3678	364	13.7321	13.6782	38.6521	29.0823	3.7434	162.454	0.1464	0.0559
20210712130430	7.89683333333333	43.3678	365	13.7295	13.6754	38.6515	29.0824	3.7418	162.388	0.1372	0.0555
20210712130430	7.89683333333333	43.3678	366	13.7264	13.6721	38.6509	29.0827	3.7406	162.332	0.1534	0.0553
20210712130430	7.89683333333333	43.3678	367	13.7253	13.671	38.6507	29.0827	3.737	162.178	0.1483	0.0559
20210712130430	7.89683333333333	43.3678	368	13.7238	13.6693	38.6503	29.0828	3.7422	162.405	0.1361	0.0555
20210712130430	7.89683333333333	43.3678	369	13.7202	13.6655	38.6496	29.0831	3.7455	162.545	0.1279	0.0556
20210712130430	7.89683333333333	43.3678	370	13.7185	13.6636	38.6491	29.0831	3.7487	162.687	0.1351	0.0553
20210712130430	7.89683333333333	43.3678	371	13.7165	13.6615	38.6487	29.0832	3.7448	162.517	0.1321	0.055
20210712130430	7.89683333333333	43.3678	372	13.7149	13.6598	38.6484	29.0834	3.7422	162.402	0.141	0.0552
20210712130430	7.89683333333333	43.3678	373	13.713	13.6577	38.648	29.0834	3.7442	162.489	0.1444	0.0554
20210712130430	7.89683333333333	43.3678	374	13.7107	13.6554	38.6476	29.0837	3.7481	162.66	0.1411	0.0549
20210712130430	7.89683333333333	43.3678	375	13.7107	13.6552	38.6475	29.0837	3.7529	162.866	0.1411	0.0549
20210712130430	7.89683333333333	43.3678	376	13.71	13.6543	38.6474	29.0838	3.7444	162.497	0.1499	0.0554
20210712130430	7.89683333333333	43.3678	377	13.7091	13.6532	38.6472	29.0838	3.7425	162.414	0.15	0.055
20210712130430	7.89683333333333	43.3678	378	13.7079	13.6519	38.6469	29.0838	3.7413	162.363	0.1359	0.0549
20210712130430	7.89683333333333	43.3678	379	13.7075	13.6514	38.6467	29.0838	3.7403	162.32	0.1396	0.0551
20210712130430	7.89683333333333	43.3678	380	13.7059	13.6496	38.6465	29.0841	3.7484	162.673	0.151	0.0554
20210712130430	7.89683333333333	43.3678	381	13.7043	13.6479	38.6461	29.0841	3.7471	162.617	0.1456	0.0554
20210712130430	7.89683333333333	43.3678	382	13.7017	13.6452	38.6455	29.0843	3.7467	162.599	0.1502	0.055
20210712130430	7.89683333333333	43.3678	383	13.6979	13.6412	38.6448	29.0845	3.7451	162.529	0.1335	0.0548
20210712130430	7.89683333333333	43.3678	384	13.6971	13.6403	38.6447	29.0847	3.7448	162.515	0.1373	0.055
20210712130430	7.89683333333333	43.3678	385	13.6962	13.6392	38.6445	29.0848	3.7477	162.64	0.1356	0.0549
20210712130430	7.89683333333333	43.3678	386	13.696	13.6388	38.6444	29.0847	3.7447	162.512	0.1312	0.0547
20210712130430	7.89683333333333	43.3678	387	13.6947	13.6374	38.6441	29.0848	3.7492	162.707	0.1295	0.0552
20210712130430	7.89683333333333	43.3678	388	13.6916	13.6342	38.6435	29.085	3.7482	162.665	0.1279	0.055
20210712130430	7.89683333333333	43.3678	389	13.6902	13.6326	38.6432	29.0851	3.7507	162.77	0.1324	0.0552
20210712130430	7.89683333333333	43.3678	390	13.6889	13.6312	38.6428	29.0852	3.7499	162.736	0.1363	0.0553
20210712130430	7.89683333333333	43.3678	391	13.6883	13.6305	38.6428	29.0853	3.7504	162.757	0.1421	0.0551
20210712130430	7.89683333333333	43.3678	392	13.6881	13.6301	38.6427	29.0853	3.7532	162.879	0.1366	0.055
20210712130430	7.89683333333333	43.3678	393	13.688	13.6298	38.6427	29.0853	3.7499	162.738	0.1389	0.0551
20210712130430	7.89683333333333	43.3678	394	13.6879	13.6296	38.6426	29.0853	3.7543	162.929	0.1486	0.0549
20210712130430	7.89683333333333	43.3678	395	13.6879	13.6294	38.6426	29.0854	3.7518	162.82	0.1363	0.0549
20210712130430	7.89683333333333	43.3678	396	13.6878	13.6292	38.6425	29.0853	3.749	162.697	0.1446	0.0547
20210712130430	7.89683333333333	43.3678	397	13.687	13.6282	38.6422	29.0853	3.7519	162.823	0.1586	0.0553
20210712130430	7.89683333333333	43.3678	398	13.686	13.627	38.642	29.0854	3.7569	163.042	0.158	0.0552
20210712130430	7.89683333333333	43.3678	399	13.6825	13.6234	38.6411	29.0855	3.7547	162.945	0.1636	0.0549
20210712130430	7.89683333333333	43.3678	400	13.6787	13.6195	38.6404	29.0858	3.7546	162.942	0.1464	0.0553
20210712130430	7.89683333333333	43.3678	401	13.6762	13.6169	38.6399	29.086	0	0	0.1227	0.055
20210712135600	7.89658333333333	43.36615	2	23.2184	23.218	38.3121	26.3841	4.9174	213.967	0.2767	0.1635
20210712135600	7.89658333333333	43.36615	3	23.2141	23.2135	38.3122	26.3854	4.915	213.861	0.3048	0.1646
20210712135600	7.89658333333333	43.36615	4	23.2028	23.202	38.3121	26.3888	4.9219	214.162	0.2497	0.1608
20210712135600	7.89658333333333	43.36615	5	23.1917	23.1907	38.3117	26.3918	4.9052	213.434	0.2615	0.1617
20210712135600	7.89658333333333	43.36615	6	23.16	23.1588	38.3108	26.4004	4.9102	213.649	0.2544	0.1612
20210712135600	7.89658333333333	43.36615	7	23.0519	23.0505	38.3076	26.4299	4.9177	213.97	0.2392	0.161
20210712135600	7.89658333333333	43.36615	8	22.7805	22.7788	38.3026	26.5053	4.938	214.838	0.243	0.1612
20210712135600	7.89658333333333	43.36615	9	22.0751	22.0733	38.285	26.6951	5.0752	220.765	0.2395	0.1614
20210712135600	7.89658333333333	43.36615	10	19.4638	19.462	38.2488	27.3792	5.652	245.687	0.2282	0.1792
20210712135600	7.89658333333333	43.36615	11	17.443	17.4411	38.2535	27.9057	6.0005	260.706	0.2322	0.2022
20210712135600	7.89658333333333	43.36615	12	16.7097	16.7077	38.267	28.095	6.1341	266.464	0.2396	0.204
20210712135600	7.89658333333333	43.36615	13	16.5109	16.5087	38.2891	28.1598	6.1567	267.428	0.2563	0.2126
20210712135600	7.89658333333333	43.36615	14	16.4269	16.4246	38.3045	28.1918	6.1427	266.81	0.2527	0.2252
20210712135600	7.89658333333333	43.36615	15	16.2413	16.2389	38.3189	28.2469	6.1573	267.431	0.2736	0.2343
20210712135600	7.89658333333333	43.36615	16	16.0079	16.0053	38.3316	28.3119	6.154	267.272	0.2795	0.2418
20210712135600	7.89658333333333	43.36615	17	15.7955	15.7928	38.3372	28.3658	6.1925	268.928	0.3018	0.244
20210712135600	7.89658333333333	43.36615	18	15.5202	15.5174	38.3453	28.4358	6.2101	269.676	0.2969	0.2602
20210712135600	7.89658333333333	43.36615	19	15.4034	15.4004	38.3531	28.4688	6.1843	268.544	0.3217	0.2705
20210712135600	7.89658333333333	43.36615	20	15.1499	15.1468	38.3601	28.5321	6.1877	268.677	0.3416	0.2763
20210712135600	7.89658333333333	43.36615	21	14.9854	14.9821	38.3643	28.5726	6.1522	267.125	0.3675	0.2827
20210712135600	7.89658333333333	43.36615	22	14.8214	14.818	38.3768	28.6192	6.1114	265.341	0.3878	0.292
20210712135600	7.89658333333333	43.36615	23	14.7243	14.7208	38.3816	28.6447	6.0252	261.59	0.41	0.306
20210712135600	7.89658333333333	43.36615	24	14.495	14.4913	38.3853	28.6986	6.0205	261.376	0.4379	0.3139
20210712135600	7.89658333333333	43.36615	25	14.4535	14.4498	38.3863	28.7085	5.9946	260.249	0.4668	0.3287
20210712135600	7.89658333333333	43.36615	26	14.3955	14.3916	38.3893	28.7237	5.9575	258.631	0.5171	0.3322
20210712135600	7.89658333333333	43.36615	27	14.3226	14.3186	38.392	28.7418	5.8378	253.432	0.5474	0.3447
20210712135600	7.89658333333333	43.36615	28	14.2613	14.2571	38.3937	28.7566	5.8146	252.42	0.6035	0.3694
20210712135600	7.89658333333333	43.36615	29	14.1693	14.165	38.3977	28.7799	5.8396	253.5	0.6781	0.3763
20210712135600	7.89658333333333	43.36615	30	14.1396	14.1351	38.3988	28.7872	5.8188	252.594	0.7268	0.3803
20210712135600	7.89658333333333	43.36615	31	14.0604	14.0558	38.4016	28.8067	5.7526	249.718	0.7885	0.3831
20210712135600	7.89658333333333	43.36615	32	13.9973	13.9926	38.4033	28.8217	5.6758	246.379	0.9156	0.4016
20210712135600	7.89658333333333	43.36615	33	13.9424	13.9375	38.4102	28.839	5.6127	243.635	1.0631	0.4873
20210712135600	7.89658333333333	43.36615	34	13.9227	13.9177	38.4153	28.8472	5.5497	240.901	1.2394	0.5307
20210712135600	7.89658333333333	43.36615	35	13.8853	13.8802	38.4143	28.8546	5.4954	238.541	1.623	0.5548
20210712135600	7.89658333333333	43.36615	36	13.832	13.8267	38.4134	28.8654	5.3975	234.29	1.9728	0.5681
20210712135600	7.89658333333333	43.36615	37	13.8026	13.7972	38.4161	28.8739	5.3285	231.294	2.0605	0.5227
20210712135600	7.89658333333333	43.36615	38	13.7769	13.7713	38.4173	28.8803	5.2266	226.867	2.1221	0.5088
20210712135600	7.89658333333333	43.36615	39	13.7542	13.7485	38.422	28.8889	5.1346	222.874	2.1904	0.5377
20210712135600	7.89658333333333	43.36615	40	13.7469	13.7411	38.4255	28.8932	4.9745	215.921	2.2531	0.5202
20210712135600	7.89658333333333	43.36615	41	13.7253	13.7193	38.4294	28.9009	4.856	210.779	2.2539	0.493
20210712135600	7.89658333333333	43.36615	42	13.7072	13.7011	38.4318	28.9067	4.7078	204.343	2.2523	0.4612
20210712135600	7.89658333333333	43.36615	43	13.691	13.6847	38.434	28.9119	4.6694	202.678	2.1717	0.3583
20210712135600	7.89658333333333	43.36615	44	13.6776	13.6712	38.4349	28.9154	4.6384	201.331	1.9348	0.2761
20210712135600	7.89658333333333	43.36615	45	13.6729	13.6664	38.4366	28.9178	4.6177	200.431	1.5457	0.2721
20210712135600	7.89658333333333	43.36615	46	13.6704	13.6637	38.4373	28.9189	4.5819	198.878	1.4653	0.2963
20210712135600	7.89658333333333	43.36615	47	13.6648	13.6579	38.4393	28.9217	4.568	198.274	1.8074	0.31
20210712135600	7.89658333333333	43.36615	48	13.6591	13.6521	38.4405	28.9238	4.5575	197.817	2.0383	0.2624
20210712135600	7.89658333333333	43.36615	49	13.6561	13.6489	38.4419	28.9256	4.5475	197.38	1.8709	0.2175
20210712135600	7.89658333333333	43.36615	50	13.6503	13.643	38.4434	28.9281	4.5492	197.454	1.282	0.1691
20210712135600	7.89658333333333	43.36615	51	13.6498	13.6423	38.4442	28.9288	4.5434	197.204	0.9398	0.1599
20210712135600	7.89658333333333	43.36615	52	13.6408	13.6332	38.4478	28.9335	4.5484	197.419	0.6442	0.142
20210712135600	7.89658333333333	43.36615	53	13.6389	13.6312	38.4497	28.9354	4.5493	197.457	0.5756	0.1344
20210712135600	7.89658333333333	43.36615	54	13.6372	13.6294	38.4514	28.9372	4.554	197.663	0.5348	0.1242
20210712135600	7.89658333333333	43.36615	55	13.6354	13.6273	38.4528	28.9387	4.5546	197.689	0.495	0.1191
20210712135600	7.89658333333333	43.36615	56	13.6329	13.6247	38.4556	28.9414	4.5563	197.761	0.4671	0.1155
20210712135600	7.89658333333333	43.36615	57	13.6286	13.6203	38.4579	28.9441	4.5606	197.948	0.4303	0.107
20210712135600	7.89658333333333	43.36615	58	13.628	13.6195	38.4585	28.9448	4.5583	197.847	0.3993	0.1059
20210712135600	7.89658333333333	43.36615	59	13.625	13.6164	38.4598	28.9464	4.5513	197.545	0.3847	0.1021
20210712135600	7.89658333333333	43.36615	60	13.6211	13.6123	38.4616	28.9487	4.5578	197.824	0.3707	0.0993
20210712135600	7.89658333333333	43.36615	61	13.6191	13.6102	38.4633	28.9505	4.5622	198.015	0.358	0.0964
20210712135600	7.89658333333333	43.36615	62	13.6163	13.6073	38.4641	28.9518	4.559	197.874	0.3405	0.0941
20210712135600	7.89658333333333	43.36615	63	13.6167	13.6075	38.4647	28.9521	4.5483	197.412	0.3422	0.0927
20210712135600	7.89658333333333	43.36615	64	13.6163	13.6069	38.4652	28.9526	4.5542	197.666	0.3151	0.0925
20210712135600	7.89658333333333	43.36615	65	13.6164	13.607	38.4663	28.9535	4.5676	198.249	0.3121	0.0918
20210712135600	7.89658333333333	43.36615	66	13.6131	13.6035	38.4694	28.9566	4.5599	197.916	0.3042	0.0885
20210712135600	7.89658333333333	43.36615	67	13.6181	13.6083	38.473	28.9584	4.5317	196.689	0.2893	0.0869
20210712135600	7.89658333333333	43.36615	68	13.6218	13.6119	38.4762	28.9601	4.5178	196.085	0.2898	0.0892
20210712135600	7.89658333333333	43.36615	69	13.6205	13.6104	38.4764	28.9606	4.5141	195.927	0.287	0.0897
20210712135600	7.89658333333333	43.36615	70	13.6173	13.6071	38.477	28.9617	4.5126	195.86	0.2862	0.0886
20210712135600	7.89658333333333	43.36615	71	13.6147	13.6044	38.4785	28.9635	4.5131	195.881	0.2863	0.0871
20210712135600	7.89658333333333	43.36615	72	13.6124	13.6019	38.4802	28.9653	4.5068	195.608	0.2754	0.0846
20210712135600	7.89658333333333	43.36615	73	13.6029	13.5922	38.4794	28.9668	4.5274	196.503	0.2847	0.0844
20210712135600	7.89658333333333	43.36615	74	13.5998	13.589	38.4801	28.968	4.519	196.138	0.2734	0.0831
20210712135600	7.89658333333333	43.36615	75	13.6028	13.5919	38.4827	28.9694	4.5017	195.385	0.2734	0.0821
20210712135600	7.89658333333333	43.36615	76	13.6101	13.599	38.4859	28.9704	4.4775	194.337	0.2748	0.0817
20210712135600	7.89658333333333	43.36615	77	13.6154	13.6042	38.4899	28.9724	4.4853	194.673	0.2636	0.0813
20210712135600	7.89658333333333	43.36615	78	13.61	13.5986	38.4898	28.9735	4.4859	194.698	0.2479	0.0803
20210712135600	7.89658333333333	43.36615	79	13.6059	13.5943	38.4897	28.9743	4.4882	194.799	0.2313	0.0792
20210712135600	7.89658333333333	43.36615	80	13.6014	13.5898	38.489	28.9747	4.4915	194.943	0.2381	0.08
20210712135600	7.89658333333333	43.36615	81	13.5913	13.5795	38.4883	28.9764	4.4933	195.021	0.2426	0.0785
20210712135600	7.89658333333333	43.36615	82	13.5911	13.5792	38.4884	28.9766	4.4998	195.3	0.2422	0.0782
20210712135600	7.89658333333333	43.36615	83	13.5887	13.5767	38.4885	28.9771	4.5069	195.609	0.2449	0.0773
20210712135600	7.89658333333333	43.36615	84	13.5846	13.5724	38.4879	28.9776	4.5099	195.738	0.2376	0.077
20210712135600	7.89658333333333	43.36615	85	13.5816	13.5692	38.4882	28.9785	4.5045	195.505	0.238	0.0757
20210712135600	7.89658333333333	43.36615	86	13.5811	13.5686	38.4884	28.9788	4.5105	195.767	0.2426	0.0747
20210712135600	7.89658333333333	43.36615	87	13.5801	13.5674	38.4886	28.9792	4.5138	195.91	0.2377	0.0746
20210712135600	7.89658333333333	43.36615	88	13.5784	13.5656	38.4894	28.9802	4.5114	195.806	0.2447	0.0744
20210712135600	7.89658333333333	43.36615	89	13.578	13.565	38.4907	28.9814	4.5063	195.582	0.2327	0.0717
20210712135600	7.89658333333333	43.36615	90	13.5799	13.5668	38.4918	28.9819	4.5003	195.322	0.2057	0.0715
20210712135600	7.89658333333333	43.36615	91	13.5817	13.5685	38.4928	28.9822	4.501	195.355	0.2198	0.0713
20210712135600	7.89658333333333	43.36615	92	13.586	13.5725	38.4945	28.9827	4.4929	195	0.2151	0.071
20210712135600	7.89658333333333	43.36615	93	13.5906	13.577	38.4966	28.9834	4.4825	194.549	0.2132	0.0707
20210712135600	7.89658333333333	43.36615	94	13.5974	13.5837	38.4993	28.984	4.4715	194.071	0.2228	0.0707
20210712135600	7.89658333333333	43.36615	95	13.6039	13.59	38.5023	28.9851	4.4582	193.496	0.206	0.07
20210712135600	7.89658333333333	43.36615	96	13.6141	13.6001	38.507	28.9865	4.4355	192.509	0.2035	0.0686
20210712135600	7.89658333333333	43.36615	97	13.6236	13.6094	38.5111	28.9877	4.4104	191.419	0.2049	0.0682
20210712135600	7.89658333333333	43.36615	98	13.6367	13.6224	38.5171	28.9895	4.3822	190.193	0.2048	0.0665
20210712135600	7.89658333333333	43.36615	99	13.6519	13.6374	38.5234	28.9912	4.3684	189.597	0.2109	0.0658
20210712135600	7.89658333333333	43.36615	100	13.6522	13.6375	38.5236	28.9913	4.3681	189.583	0.1954	0.0653
20210712135600	7.89658333333333	43.36615	101	13.6562	13.6414	38.5253	28.9919	4.3592	189.197	0.1902	0.0656
