date	lon	lat	pressure	Wt	Wpt	sal	gamma	oxygen.1	oxygen.2	fluo.r	c
20210514161700	7.90661666666667	43.3753333333333	2	16.059	16.0587	38.2217	28.2146	4.7234	205.158	0.2827	0.253
20210514161700	7.90661666666667	43.3753333333333	3	16.0567	16.0562	38.2221	28.2155	4.7182	204.931	0.236	0.2418
20210514161700	7.90661666666667	43.3753333333333	4	16.0576	16.0569	38.2217	28.215	4.7188	204.957	0.2534	0.2428
20210514161700	7.90661666666667	43.3753333333333	5	16.0543	16.0535	38.2222	28.2162	4.7183	204.939	0.2791	0.2419
20210514161700	7.90661666666667	43.3753333333333	6	16.0507	16.0497	38.2216	28.2166	4.7223	205.109	0.2791	0.2427
20210514161700	7.90661666666667	43.3753333333333	7	16.0449	16.0437	38.2222	28.2185	4.7245	205.205	0.2872	0.2418
20210514161700	7.90661666666667	43.3753333333333	8	16.0424	16.0411	38.2219	28.2189	4.7252	205.235	0.2941	0.2428
20210514161700	7.90661666666667	43.3753333333333	9	16.0347	16.0332	38.2217	28.2206	4.7247	205.214	0.2749	0.2417
20210514161700	7.90661666666667	43.3753333333333	10	16.0137	16.0121	38.2221	28.2258	4.7252	205.233	0.296	0.2427
20210514161700	7.90661666666667	43.3753333333333	11	15.9977	15.9959	38.2222	28.2297	4.7314	205.505	0.3039	0.2417
20210514161700	7.90661666666667	43.3753333333333	12	15.9873	15.9854	38.2225	28.2324	4.7273	205.326	0.301	0.2418
20210514161700	7.90661666666667	43.3753333333333	13	15.9622	15.9601	38.2228	28.2386	4.7339	205.61	0.3211	0.2405
20210514161700	7.90661666666667	43.3753333333333	14	15.9431	15.9408	38.2222	28.2426	4.737	205.742	0.3125	0.2407
20210514161700	7.90661666666667	43.3753333333333	15	15.9014	15.899	38.2244	28.2542	4.7408	205.908	0.3262	0.2409
20210514161700	7.90661666666667	43.3753333333333	16	15.8626	15.8601	38.2251	28.2638	4.7429	205.997	0.3242	0.2416
20210514161700	7.90661666666667	43.3753333333333	17	15.8251	15.8224	38.2269	28.2739	4.7529	206.428	0.3328	0.2428
20210514161700	7.90661666666667	43.3753333333333	18	15.8026	15.7998	38.229	28.2808	4.7515	206.365	0.3522	0.2429
20210514161700	7.90661666666667	43.3753333333333	19	15.7885	15.7855	38.2295	28.2845	4.7538	206.464	0.3485	0.2448
20210514161700	7.90661666666667	43.3753333333333	20	15.7211	15.7179	38.2327	28.3027	4.7634	206.879	0.3529	0.2479
20210514161700	7.90661666666667	43.3753333333333	21	15.6284	15.6251	38.2388	28.3289	4.7871	207.9	0.3782	0.2506
20210514161700	7.90661666666667	43.3753333333333	22	15.3888	15.3853	38.2565	28.3976	4.8219	209.397	0.4071	0.2547
20210514161700	7.90661666666667	43.3753333333333	23	14.9769	14.9733	38.2811	28.5103	4.9075	213.095	0.4368	0.2575
20210514161700	7.90661666666667	43.3753333333333	24	14.4599	14.4563	38.3255	28.6599	4.9869	216.512	0.47	0.2818
20210514161700	7.90661666666667	43.3753333333333	25	14.1294	14.1256	38.3718	28.7684	5.0159	217.744	0.5595	0.3063
20210514161700	7.90661666666667	43.3753333333333	26	14.0868	14.083	38.3758	28.7808	5.0105	217.508	0.6615	0.3171
20210514161700	7.90661666666667	43.3753333333333	27	14.0643	14.0603	38.3802	28.7892	4.9914	216.677	0.8167	0.3562
20210514161700	7.90661666666667	43.3753333333333	28	14.0162	14.012	38.3836	28.8022	4.961	215.355	0.86	0.3699
20210514161700	7.90661666666667	43.3753333333333	29	13.9454	13.9411	38.3924	28.8244	4.9582	215.23	0.9244	0.3786
20210514161700	7.90661666666667	43.3753333333333	30	13.9152	13.9107	38.3976	28.8351	4.9226	213.683	1.0705	0.3904
20210514161700	7.90661666666667	43.3753333333333	31	13.8802	13.8756	38.3998	28.8443	4.8954	212.498	1.1376	0.3926
20210514161700	7.90661666666667	43.3753333333333	32	13.854	13.8493	38.4024	28.852	4.8788	211.779	1.207	0.4021
20210514161700	7.90661666666667	43.3753333333333	33	13.8182	13.8134	38.4077	28.8639	4.8001	208.36	1.4539	0.4162
20210514161700	7.90661666666667	43.3753333333333	34	13.7879	13.7829	38.415	28.8761	4.7115	204.511	1.6269	0.4279
20210514161700	7.90661666666667	43.3753333333333	35	13.7374	13.7323	38.4165	28.8881	4.6615	202.337	1.7566	0.453
20210514161700	7.90661666666667	43.3753333333333	36	13.7082	13.7029	38.4156	28.8937	4.5872	199.113	1.9137	0.4595
20210514161700	7.90661666666667	43.3753333333333	37	13.6544	13.649	38.4162	28.9057	4.4908	194.926	2.1511	0.4404
20210514161700	7.90661666666667	43.3753333333333	38	13.6458	13.6402	38.4171	28.9083	4.4769	194.319	2.1035	0.4533
20210514161700	7.90661666666667	43.3753333333333	39	13.6391	13.6335	38.4182	28.9106	4.4515	193.218	2.0725	0.4468
20210514161700	7.90661666666667	43.3753333333333	40	13.6287	13.6228	38.4184	28.913	4.3935	190.699	2.245	0.4318
20210514161700	7.90661666666667	43.3753333333333	41	13.6027	13.5967	38.4223	28.9216	4.356	189.069	2.2675	0.4362
20210514161700	7.90661666666667	43.3753333333333	42	13.5882	13.5821	38.423	28.9253	4.3216	187.576	2.1801	0.4269
20210514161700	7.90661666666667	43.3753333333333	43	13.5647	13.5584	38.4224	28.9298	4.308	186.985	2.0063	0.372
20210514161700	7.90661666666667	43.3753333333333	44	13.5236	13.5173	38.4223	28.9385	4.295	186.421	1.7093	0.3278
20210514161700	7.90661666666667	43.3753333333333	45	13.5061	13.4996	38.4227	28.9425	4.2774	185.656	1.5293	0.2808
20210514161700	7.90661666666667	43.3753333333333	46	13.4864	13.4797	38.4264	28.9496	4.2585	184.833	1.2543	0.2388
20210514161700	7.90661666666667	43.3753333333333	47	13.4797	13.4729	38.4276	28.952	4.2534	184.613	1.0824	0.2081
20210514161700	7.90661666666667	43.3753333333333	48	13.4669	13.4599	38.4273	28.9545	4.2534	184.613	1.1342	0.1694
20210514161700	7.90661666666667	43.3753333333333	49	13.4638	13.4567	38.4289	28.9565	4.2389	183.983	0.6986	0.1462
20210514161700	7.90661666666667	43.3753333333333	50	13.4639	13.4567	38.4301	28.9574	4.2306	183.624	0.6776	0.1335
20210514161700	7.90661666666667	43.3753333333333	51	13.4647	13.4573	38.4313	28.9582	4.2214	183.224	0.6191	0.1266
20210514161700	7.90661666666667	43.3753333333333	52	13.4613	13.4538	38.4328	28.9601	4.2075	182.62	0.6069	0.1189
20210514161700	7.90661666666667	43.3753333333333	53	13.456	13.4483	38.4352	28.9631	4.1993	182.261	0.5399	0.11
20210514161700	7.90661666666667	43.3753333333333	54	13.4497	13.4419	38.437	28.9659	4.182	181.51	0.4825	0.1017
20210514161700	7.90661666666667	43.3753333333333	55	13.4455	13.4375	38.4386	28.968	4.1761	181.252	0.4069	0.0882
20210514161700	7.90661666666667	43.3753333333333	56	13.4466	13.4385	38.4415	28.97	4.1595	180.532	0.3695	0.084
20210514161700	7.90661666666667	43.3753333333333	57	13.4567	13.4485	38.4471	28.9723	4.1322	179.347	0.3438	0.0784
20210514161700	7.90661666666667	43.3753333333333	58	13.4628	13.4544	38.4512	28.9742	4.1203	178.833	0.3096	0.0758
20210514161700	7.90661666666667	43.3753333333333	59	13.465	13.4565	38.4532	28.9753	4.1046	178.15	0.2862	0.0721
20210514161700	7.90661666666667	43.3753333333333	60	13.468	13.4593	38.4548	28.976	4.0939	177.686	0.2913	0.0702
20210514161700	7.90661666666667	43.3753333333333	61	13.469	13.4602	38.4557	28.9765	4.0912	177.57	0.2952	0.0692
20210514161700	7.90661666666667	43.3753333333333	62	13.4693	13.4604	38.4567	28.9772	4.0845	177.276	0.2945	0.0688
20210514161700	7.90661666666667	43.3753333333333	63	13.4764	13.4672	38.4609	28.979	4.0588	176.163	0.2786	0.0682
20210514161700	7.90661666666667	43.3753333333333	64	13.4826	13.4734	38.4652	28.9811	4.0308	174.946	0.2769	0.0673
20210514161700	7.90661666666667	43.3753333333333	65	13.4869	13.4775	38.4689	28.9831	4.0254	174.71	0.2688	0.0667
20210514161700	7.90661666666667	43.3753333333333	66	13.4977	13.4882	38.4727	28.9837	3.9969	173.471	0.2296	0.0655
20210514161700	7.90661666666667	43.3753333333333	67	13.5043	13.4946	38.4798	28.9879	3.9505	171.458	0.2458	0.0651
20210514161700	7.90661666666667	43.3753333333333	68	13.5383	13.5284	38.4924	28.9905	3.9204	170.152	0.2414	0.0636
20210514161700	7.90661666666667	43.3753333333333	69	13.5504	13.5404	38.4967	28.9912	3.8964	169.112	0.2318	0.0629
20210514161700	7.90661666666667	43.3753333333333	70	13.5535	13.5433	38.4989	28.9923	3.8864	168.677	0.2201	0.0617
20210514161700	7.90661666666667	43.3753333333333	71	13.5556	13.5453	38.5005	28.9931	3.871	168.006	0.2275	0.0614
20210514161700	7.90661666666667	43.3753333333333	72	13.5592	13.5487	38.5038	28.995	3.8585	167.466	0.2256	0.061
20210514161700	7.90661666666667	43.3753333333333	73	13.5644	13.5538	38.5078	28.997	3.8348	166.438	0.2248	0.0605
20210514161700	7.90661666666667	43.3753333333333	74	13.5713	13.5605	38.5122	28.999	3.8222	165.887	0.2029	0.0601
20210514161700	7.90661666666667	43.3753333333333	75	13.5831	13.5722	38.5166	28.9999	3.7978	164.827	0.2028	0.0597
20210514161700	7.90661666666667	43.3753333333333	76	13.6037	13.5927	38.5238	29.0011	3.7727	163.74	0.212	0.0595
20210514161700	7.90661666666667	43.3753333333333	77	13.6074	13.5962	38.525	29.0013	3.7652	163.417	0.2055	0.0593
20210514161700	7.90661666666667	43.3753333333333	78	13.6084	13.597	38.5256	29.0016	3.7451	162.541	0.2054	0.0588
20210514161700	7.90661666666667	43.3753333333333	79	13.6252	13.6137	38.5341	29.0046	3.7096	160.999	0.1925	0.0586
20210514161700	7.90661666666667	43.3753333333333	80	13.6453	13.6336	38.5418	29.0063	3.6947	160.353	0.1932	0.0594
20210514161700	7.90661666666667	43.3753333333333	81	13.6483	13.6365	38.5426	29.0063	3.6813	159.775	0.2028	0.0588
20210514161700	7.90661666666667	43.3753333333333	82	13.6492	13.6373	38.5426	29.0062	3.6729	159.407	0.1881	0.0582
20210514161700	7.90661666666667	43.3753333333333	83	13.651	13.6388	38.5436	29.0066	3.6688	159.228	0.19	0.0584
20210514161700	7.90661666666667	43.3753333333333	84	13.6559	13.6436	38.5454	29.0069	3.6629	158.975	0.1992	0.0584
20210514161700	7.90661666666667	43.3753333333333	85	13.6603	13.6478	38.5469	29.0073	3.6481	158.331	0.1938	0.0582
20210514161700	7.90661666666667	43.3753333333333	86	13.6612	13.6486	38.5488	29.0085	3.6387	157.925	0.1951	0.0582
20210514161700	7.90661666666667	43.3753333333333	87	13.6734	13.6607	38.5539	29.0099	3.6267	157.403	0.1971	0.058
20210514161700	7.90661666666667	43.3753333333333	88	13.6791	13.6662	38.5561	29.0104	3.6049	156.454	0.1837	0.0577
20210514161700	7.90661666666667	43.3753333333333	89	13.6947	13.6816	38.5641	29.0133	3.5908	155.842	0.1887	0.0575
20210514161700	7.90661666666667	43.3753333333333	90	13.7074	13.6942	38.5687	29.0142	3.5769	155.238	0.1835	0.0576
20210514161700	7.90661666666667	43.3753333333333	91	13.7139	13.7005	38.5714	29.0149	3.5622	154.601	0.1893	0.0574
20210514161700	7.90661666666667	43.3753333333333	92	13.718	13.7045	38.5748	29.0167	3.5545	154.269	0.1809	0.0573
20210514161700	7.90661666666667	43.3753333333333	93	13.7191	13.7054	38.5762	29.0176	3.5425	153.746	0.1744	0.0574
20210514161700	7.90661666666667	43.3753333333333	94	13.7208	13.707	38.5771	29.018	3.5413	153.695	0.1728	0.0573
20210514161700	7.90661666666667	43.3753333333333	95	13.722	13.7081	38.5775	29.018	3.5318	153.282	0.1779	0.0575
20210514161700	7.90661666666667	43.3753333333333	96	13.7228	13.7087	38.578	29.0183	3.5249	152.985	0.1837	0.0572
20210514161700	7.90661666666667	43.3753333333333	97	13.7248	13.7105	38.5793	29.0189	3.5235	152.92	0.1738	0.057
20210514161700	7.90661666666667	43.3753333333333	98	13.7266	13.7123	38.5807	29.0197	3.5215	152.834	0.1745	0.0573
20210514161700	7.90661666666667	43.3753333333333	99	13.7275	13.713	38.5816	29.0202	3.5181	152.69	0.1678	0.0572
20210514161700	7.90661666666667	43.3753333333333	100	13.7282	13.7135	38.5823	29.0206	3.5143	152.522	0.1685	0.0572
20210514161700	7.90661666666667	43.3753333333333	101	13.7287	13.7139	38.5829	29.021	3.5157	152.583	0.1717	0.0572
20210514161700	7.90661666666667	43.3753333333333	102	13.7297	13.7147	38.5836	29.0213	3.5133	152.48	0.1754	0.0571
20210514161700	7.90661666666667	43.3753333333333	103	13.7323	13.7171	38.5852	29.022	3.5103	152.349	0.1825	0.0572
20210514161700	7.90661666666667	43.3753333333333	104	13.7334	13.7181	38.5853	29.022	3.5039	152.07	0.1778	0.0571
20210514161700	7.90661666666667	43.3753333333333	105	13.7342	13.7188	38.5862	29.0225	3.4984	151.831	0.1702	0.0568
20210514161700	7.90661666666667	43.3753333333333	106	13.7365	13.7209	38.587	29.0227	3.4966	151.752	0.167	0.0569
20210514161700	7.90661666666667	43.3753333333333	107	13.7394	13.7236	38.5881	29.0229	3.4915	151.533	0.1655	0.0574
20210514161700	7.90661666666667	43.3753333333333	108	13.7416	13.7258	38.5892	29.0233	3.4827	151.15	0.1769	0.0571
20210514161700	7.90661666666667	43.3753333333333	109	13.7432	13.7271	38.5903	29.0239	3.4856	151.279	0.1784	0.0569
20210514161700	7.90661666666667	43.3753333333333	110	13.7377	13.7215	38.5905	29.0252	3.4891	151.426	0.1735	0.0573
20210514161700	7.90661666666667	43.3753333333333	111	13.7364	13.7201	38.5906	29.0256	3.4863	151.306	0.1646	0.0573
20210514161700	7.90661666666667	43.3753333333333	112	13.7366	13.7201	38.5908	29.0258	3.4851	151.252	0.1653	0.057
20210514161700	7.90661666666667	43.3753333333333	113	13.7393	13.7226	38.5922	29.0263	3.4806	151.059	0.1714	0.0568
20210514161700	7.90661666666667	43.3753333333333	114	13.7414	13.7246	38.593	29.0265	3.4809	151.072	0.182	0.057
20210514161700	7.90661666666667	43.3753333333333	115	13.7418	13.7249	38.5934	29.0268	3.4834	151.182	0.1823	0.0567
20210514161700	7.90661666666667	43.3753333333333	116	13.7427	13.7256	38.5935	29.0267	3.4777	150.932	0.1808	0.0572
20210514161700	7.90661666666667	43.3753333333333	117	13.7431	13.7259	38.5932	29.0264	3.4696	150.581	0.1855	0.0574
20210514161700	7.90661666666667	43.3753333333333	118	13.7504	13.7331	38.5977	29.0283	3.4603	150.177	0.1862	0.0565
20210514161700	7.90661666666667	43.3753333333333	119	13.7787	13.7611	38.6061	29.0288	3.4477	149.631	0.1744	0.0572
20210514161700	7.90661666666667	43.3753333333333	120	13.7997	13.782	38.6135	29.03	3.4344	149.051	0.1549	0.0572
20210514161700	7.90661666666667	43.3753333333333	121	13.8052	13.7874	38.6149	29.03	3.4261	148.692	0.1591	0.0567
20210514161700	7.90661666666667	43.3753333333333	122	13.8477	13.8297	38.6312	29.0335	3.3991	147.52	0.1678	0.0569
20210514161700	7.90661666666667	43.3753333333333	123	13.8768	13.8585	38.6388	29.0331	3.394	147.301	0.1717	0.0571
20210514161700	7.90661666666667	43.3753333333333	124	13.9095	13.8911	38.6512	29.0357	3.3774	146.579	0.169	0.0571
20210514161700	7.90661666666667	43.3753333333333	125	13.954	13.9354	38.6631	29.0353	3.3673	146.141	0.1701	0.0575
20210514161700	7.90661666666667	43.3753333333333	126	13.9647	13.946	38.6664	29.0356	3.364	145.997	0.1718	0.059
20210514161700	7.90661666666667	43.3753333333333	127	14.0037	13.9848	38.6856	29.0421	3.3515	145.454	0.1784	0.0601
20210514161700	7.90661666666667	43.3753333333333	128	14.0202	14.0011	38.6863	29.039	3.3453	145.185	0.1802	0.0625
20210514161700	7.90661666666667	43.3753333333333	129	14.0215	14.0023	38.6861	29.0387	3.3457	145.204	0.1879	0.0626
20210514161700	7.90661666666667	43.3753333333333	130	14.0207	14.0013	38.6857	29.0386	3.3439	145.126	0.1729	0.0642
20210514161700	7.90661666666667	43.3753333333333	131	14.0198	14.0003	38.6855	29.0386	3.3411	145.001	0.1647	0.0647
20210514161700	7.90661666666667	43.3753333333333	132	14.0187	13.999	38.685	29.0385	3.3448	145.163	0.1724	0.0647
20210514161700	7.90661666666667	43.3753333333333	133	14.0195	13.9997	38.6853	29.0385	3.3467	145.245	0.1663	0.0646
20210514161700	7.90661666666667	43.3753333333333	134	14.0204	14.0004	38.6853	29.0385	3.3406	144.983	0.1639	0.0647
20210514161700	7.90661666666667	43.3753333333333	135	14.0205	14.0004	38.6853	29.0384	3.338	144.87	0.1719	0.0641
20210514161700	7.90661666666667	43.3753333333333	136	14.0199	13.9996	38.6848	29.0382	3.3357	144.77	0.185	0.0645
20210514161700	7.90661666666667	43.3753333333333	137	14.0192	13.9988	38.6847	29.0383	3.3375	144.846	0.1776	0.0642
20210514161700	7.90661666666667	43.3753333333333	138	14.0206	14	38.6852	29.0385	3.3327	144.64	0.1791	0.0646
20210514161700	7.90661666666667	43.3753333333333	139	14.017	13.9963	38.6837	29.0381	3.3402	144.963	0.1696	0.064
20210514161700	7.90661666666667	43.3753333333333	140	14.0097	13.9889	38.6829	29.0391	3.3404	144.972	0.1607	0.0639
20210514161700	7.90661666666667	43.3753333333333	141	14.0126	13.9915	38.6842	29.0395	3.3367	144.812	0.1698	0.0641
20210514161700	7.90661666666667	43.3753333333333	142	14.0198	13.9986	38.6866	29.0398	3.3357	144.768	0.1668	0.0639
20210514161700	7.90661666666667	43.3753333333333	143	14.0188	13.9974	38.6858	29.0395	3.3337	144.681	0.1678	0.0642
20210514161700	7.90661666666667	43.3753333333333	144	14.0014	13.9799	38.6809	29.0395	3.3339	144.688	0.1853	0.0644
20210514161700	7.90661666666667	43.3753333333333	145	13.9791	13.9575	38.6775	29.0417	3.3326	144.633	0.1706	0.0642
20210514161700	7.90661666666667	43.3753333333333	146	13.9726	13.9508	38.6762	29.0421	3.3271	144.395	0.1682	0.0625
20210514161700	7.90661666666667	43.3753333333333	147	13.9724	13.9506	38.6762	29.0422	3.3257	144.332	0.1632	0.062
20210514161700	7.90661666666667	43.3753333333333	148	13.9739	13.9518	38.6767	29.0424	3.3261	144.352	0.1588	0.0614
20210514161700	7.90661666666667	43.3753333333333	149	13.973	13.9509	38.6766	29.0425	3.324	144.261	0.1682	0.061
20210514161700	7.90661666666667	43.3753333333333	150	13.9733	13.951	38.6766	29.0425	3.3275	144.41	0.1677	0.0609
20210514161700	7.90661666666667	43.3753333333333	151	13.9745	13.9521	38.6771	29.0426	3.3283	144.446	0.1763	0.0614
20210514161700	7.90661666666667	43.3753333333333	152	13.9712	13.9485	38.6762	29.0426	3.3214	144.149	0.17	0.0614
20210514161700	7.90661666666667	43.3753333333333	153	13.9673	13.9446	38.6753	29.0428	3.3199	144.08	0.1755	0.0612
20210514161700	7.90661666666667	43.3753333333333	154	13.9635	13.9406	38.6744	29.043	3.3219	144.171	0.1739	0.0612
20210514161700	7.90661666666667	43.3753333333333	155	13.9594	13.9364	38.6738	29.0434	3.325	144.303	0.1743	0.0603
20210514161700	7.90661666666667	43.3753333333333	156	13.9602	13.937	38.6744	29.0438	3.3234	144.236	0.1736	0.0603
20210514161700	7.90661666666667	43.3753333333333	157	13.96	13.9366	38.674	29.0435	3.3161	143.918	0.1672	0.0605
20210514161700	7.90661666666667	43.3753333333333	158	13.9445	13.921	38.6692	29.0431	3.3188	144.034	0.1673	0.0604
20210514161700	7.90661666666667	43.3753333333333	159	13.9296	13.906	38.6666	29.0444	3.3199	144.083	0.1749	0.0604
20210514161700	7.90661666666667	43.3753333333333	160	13.9139	13.8902	38.6627	29.0448	3.3152	143.878	0.1841	0.06
20210514161700	7.90661666666667	43.3753333333333	161	13.8916	13.8678	38.6584	29.0463	3.3142	143.832	0.1779	0.0594
20210514161700	7.90661666666667	43.3753333333333	162	13.8885	13.8644	38.6575	29.0464	3.3132	143.79	0.1651	0.0584
20210514161700	7.90661666666667	43.3753333333333	163	13.8841	13.8599	38.6564	29.0465	3.3153	143.88	0.1486	0.0582
20210514161700	7.90661666666667	43.3753333333333	164	13.8804	13.8561	38.6559	29.0469	3.3133	143.795	0.1516	0.0577
20210514161700	7.90661666666667	43.3753333333333	165	13.8807	13.8563	38.6558	29.0468	3.316	143.911	0.1658	0.058
20210514161700	7.90661666666667	43.3753333333333	166	13.8819	13.8573	38.656	29.0468	3.3186	144.026	0.1931	0.0573
20210514161700	7.90661666666667	43.3753333333333	167	13.8812	13.8564	38.6557	29.0467	3.3121	143.741	0.1808	0.0571
20210514161700	7.90661666666667	43.3753333333333	168	13.8784	13.8535	38.6556	29.0473	3.315	143.871	0.1608	0.0569
20210514161700	7.90661666666667	43.3753333333333	169	13.8801	13.855	38.6565	29.0476	3.3097	143.639	0.1673	0.0565
20210514161700	7.90661666666667	43.3753333333333	170	13.8832	13.8579	38.6576	29.0478	3.3059	143.474	0.1704	0.0566
20210514161700	7.90661666666667	43.3753333333333	171	13.8848	13.8595	38.6582	29.048	3.3079	143.56	0.1749	0.0564
20210514161700	7.90661666666667	43.3753333333333	172	13.8862	13.8607	38.6588	29.0482	3.3127	143.77	0.1702	0.0565
20210514161700	7.90661666666667	43.3753333333333	173	13.8865	13.8608	38.6597	29.0488	3.3093	143.622	0.1749	0.0568
20210514161700	7.90661666666667	43.3753333333333	174	13.8877	13.8619	38.6603	29.0491	3.3077	143.553	0.1647	0.0564
20210514161700	7.90661666666667	43.3753333333333	175	13.89	13.8641	38.6613	29.0494	3.3043	143.406	0.1666	0.0568
20210514161700	7.90661666666667	43.3753333333333	176	13.8907	13.8646	38.6622	29.05	3.3093	143.621	0.1592	0.0565
20210514161700	7.90661666666667	43.3753333333333	177	13.8934	13.8671	38.6636	29.0505	3.3091	143.613	0.1613	0.0568
20210514161700	7.90661666666667	43.3753333333333	178	13.8897	13.8632	38.6633	29.0511	3.3127	143.77	0.1685	0.0568
20210514161700	7.90661666666667	43.3753333333333	179	13.8846	13.8581	38.6615	29.0508	3.3188	144.035	0.1727	0.0561
20210514161700	7.90661666666667	43.3753333333333	180	13.8822	13.8555	38.6614	29.0513	3.321	144.129	0.1677	0.0564
20210514161700	7.90661666666667	43.3753333333333	181	13.8791	13.8523	38.6604	29.0512	3.3183	144.012	0.1597	0.0561
20210514161700	7.90661666666667	43.3753333333333	182	13.8726	13.8456	38.6586	29.0512	3.3201	144.089	0.1684	0.0563
20210514161700	7.90661666666667	43.3753333333333	183	13.8658	13.8387	38.6565	29.0512	3.3236	144.242	0.181	0.0562
20210514161700	7.90661666666667	43.3753333333333	184	13.853	13.8257	38.6544	29.0523	3.3282	144.44	0.1759	0.0562
20210514161700	7.90661666666667	43.3753333333333	185	13.8542	13.8267	38.6549	29.0525	3.3273	144.403	0.1702	0.0558
20210514161700	7.90661666666667	43.3753333333333	186	13.8511	13.8235	38.6544	29.0528	3.3265	144.37	0.1622	0.0557
20210514161700	7.90661666666667	43.3753333333333	187	13.8514	13.8237	38.655	29.0532	3.3297	144.506	0.1781	0.0557
20210514161700	7.90661666666667	43.3753333333333	188	13.8509	13.823	38.6548	29.0532	3.3315	144.583	0.1792	0.0556
20210514161700	7.90661666666667	43.3753333333333	189	13.8505	13.8225	38.6546	29.0532	3.3317	144.595	0.1724	0.0556
20210514161700	7.90661666666667	43.3753333333333	190	13.8508	13.8226	38.6547	29.0533	3.3247	144.29	0.1624	0.0555
20210514161700	7.90661666666667	43.3753333333333	191	13.8507	13.8224	38.6548	29.0534	3.3226	144.197	0.1647	0.0554
20210514161700	7.90661666666667	43.3753333333333	192	13.8509	13.8225	38.655	29.0535	3.3248	144.293	0.1698	0.0558
20210514161700	7.90661666666667	43.3753333333333	193	13.8544	13.8257	38.6571	29.0544	3.3226	144.198	0.1623	0.0555
20210514161700	7.90661666666667	43.3753333333333	194	13.8587	13.83	38.6586	29.0546	3.3141	143.827	0.1606	0.0556
20210514161700	7.90661666666667	43.3753333333333	195	13.8647	13.8357	38.661	29.0553	3.3083	143.578	0.1727	0.0559
20210514161700	7.90661666666667	43.3753333333333	196	13.8672	13.8382	38.6616	29.0552	3.3089	143.605	0.1681	0.0555
20210514161700	7.90661666666667	43.3753333333333	197	13.8713	13.842	38.6633	29.0557	3.3073	143.533	0.1767	0.0553
20210514161700	7.90661666666667	43.3753333333333	198	13.8737	13.8443	38.664	29.0557	3.3044	143.408	0.1625	0.0553
20210514161700	7.90661666666667	43.3753333333333	199	13.8748	13.8452	38.6643	29.0558	3.3008	143.25	0.1568	0.0559
20210514161700	7.90661666666667	43.3753333333333	200	13.8785	13.8488	38.666	29.0563	3.2968	143.076	0.1585	0.0553
20210514161700	7.90661666666667	43.3753333333333	201	13.8814	13.8516	38.6673	29.0567	3.2933	142.925	0.1654	0.0553
20210514161700	7.90661666666667	43.3753333333333	202	13.8811	13.8511	38.6671	29.0567	3.2909	142.822	0.1782	0.0552
20210514161700	7.90661666666667	43.3753333333333	203	13.8794	13.8493	38.667	29.057	3.2874	142.669	0.1791	0.0556
20210514161700	7.90661666666667	43.3753333333333	204	13.8818	13.8515	38.6683	29.0576	3.2886	142.721	0.1563	0.0553
20210514161700	7.90661666666667	43.3753333333333	205	13.8872	13.8568	38.6711	29.0585	3.2865	142.63	0.1577	0.0552
20210514161700	7.90661666666667	43.3753333333333	206	13.8905	13.8599	38.6714	29.0581	3.2874	142.669	0.165	0.0552
20210514161700	7.90661666666667	43.3753333333333	207	13.8912	13.8604	38.6717	29.0582	3.2855	142.585	0.1813	0.0554
20210514161700	7.90661666666667	43.3753333333333	208	13.8911	13.8602	38.6717	29.0583	3.2874	142.668	0.1799	0.0552
20210514161700	7.90661666666667	43.3753333333333	209	13.8913	13.8602	38.6713	29.058	3.2856	142.593	0.1678	0.0552
20210514161700	7.90661666666667	43.3753333333333	210	13.892	13.8608	38.6717	29.0581	3.2861	142.612	0.1668	0.0554
20210514161700	7.90661666666667	43.3753333333333	211	13.8924	13.8611	38.6717	29.0581	3.2847	142.554	0.1704	0.055
20210514161700	7.90661666666667	43.3753333333333	212	13.8928	13.8613	38.672	29.0583	3.2816	142.416	0.1733	0.0551
20210514161700	7.90661666666667	43.3753333333333	213	13.8935	13.8618	38.6721	29.0583	3.2823	142.446	0.1646	0.0554
20210514161700	7.90661666666667	43.3753333333333	214	13.8947	13.8629	38.6725	29.0583	3.2759	142.171	0.1619	0.055
20210514161700	7.90661666666667	43.3753333333333	215	13.8956	13.8637	38.6731	29.0586	3.2732	142.053	0.1678	0.0547
20210514161700	7.90661666666667	43.3753333333333	216	13.896	13.8639	38.6732	29.0586	3.2756	142.156	0.1701	0.0546
20210514161700	7.90661666666667	43.3753333333333	217	13.8956	13.8633	38.673	29.0586	3.2733	142.056	0.1747	0.0549
20210514161700	7.90661666666667	43.3753333333333	218	13.897	13.8646	38.6741	29.0592	3.2711	141.964	0.1705	0.0551
20210514161700	7.90661666666667	43.3753333333333	219	13.9016	13.8691	38.6759	29.0596	3.2738	142.077	0.168	0.0553
20210514161700	7.90661666666667	43.3753333333333	220	13.902	13.8693	38.6756	29.0593	3.2759	142.172	0.1733	0.0554
20210514161700	7.90661666666667	43.3753333333333	221	13.9008	13.868	38.6758	29.0598	3.2775	142.238	0.177	0.0554
20210514161700	7.90661666666667	43.3753333333333	222	13.9025	13.8695	38.677	29.0603	3.2738	142.079	0.1876	0.0554
20210514161700	7.90661666666667	43.3753333333333	223	13.9059	13.8728	38.6781	29.0605	3.2715	141.981	0.1794	0.0552
20210514161700	7.90661666666667	43.3753333333333	224	13.9077	13.8744	38.6787	29.0607	3.2679	141.822	0.1754	0.055
20210514161700	7.90661666666667	43.3753333333333	225	13.9071	13.8736	38.6783	29.0605	3.2702	141.922	0.1723	0.0553
20210514161700	7.90661666666667	43.3753333333333	226	13.9012	13.8676	38.6771	29.0609	3.2674	141.8	0.1747	0.0549
20210514161700	7.90661666666667	43.3753333333333	227	13.8924	13.8586	38.6748	29.061	3.2675	141.807	0.1782	0.0548
20210514161700	7.90661666666667	43.3753333333333	228	13.8873	13.8534	38.6739	29.0615	3.2671	141.786	0.1669	0.0549
20210514161700	7.90661666666667	43.3753333333333	229	13.8801	13.8461	38.6722	29.0617	3.2714	141.974	0.157	0.0547
20210514161700	7.90661666666667	43.3753333333333	230	13.867	13.8328	38.6688	29.062	3.2698	141.903	0.1667	0.0555
20210514161700	7.90661666666667	43.3753333333333	231	13.8628	13.8285	38.6685	29.0626	3.2677	141.812	0.1635	0.0555
20210514161700	7.90661666666667	43.3753333333333	232	13.8616	13.8271	38.6681	29.0626	3.2682	141.834	0.1632	0.0549
20210514161700	7.90661666666667	43.3753333333333	233	13.8567	13.822	38.6673	29.0631	3.2715	141.981	0.1675	0.0551
20210514161700	7.90661666666667	43.3753333333333	234	13.8542	13.8195	38.667	29.0635	3.2684	141.845	0.1706	0.0552
20210514161700	7.90661666666667	43.3753333333333	235	13.8553	13.8204	38.6673	29.0634	3.2654	141.715	0.1559	0.055
20210514161700	7.90661666666667	43.3753333333333	236	13.8538	13.8188	38.667	29.0636	3.2688	141.86	0.1535	0.0548
20210514161700	7.90661666666667	43.3753333333333	237	13.8456	13.8105	38.6637	29.0628	3.2701	141.916	0.16	0.0548
20210514161700	7.90661666666667	43.3753333333333	238	13.8324	13.7971	38.662	29.0644	3.2698	141.905	0.1693	0.0568
20210514161700	7.90661666666667	43.3753333333333	239	13.832	13.7966	38.6621	29.0645	3.2696	141.897	0.1706	0.0548
20210514161700	7.90661666666667	43.3753333333333	240	13.8247	13.7891	38.66	29.0645	3.2685	141.848	0.1618	0.0549
20210514161700	7.90661666666667	43.3753333333333	241	13.8163	13.7806	38.6583	29.0651	3.2744	142.104	0.1563	0.0552
20210514161700	7.90661666666667	43.3753333333333	242	13.8111	13.7752	38.6572	29.0654	3.269	141.87	0.1631	0.0552
20210514161700	7.90661666666667	43.3753333333333	243	13.7992	13.7632	38.6535	29.0651	3.2728	142.034	0.1771	0.0548
20210514161700	7.90661666666667	43.3753333333333	244	13.7836	13.7475	38.6505	29.0662	3.2745	142.11	0.176	0.0554
20210514161700	7.90661666666667	43.3753333333333	245	13.7767	13.7405	38.6485	29.0661	3.2741	142.091	0.1767	0.0552
20210514161700	7.90661666666667	43.3753333333333	246	13.77	13.7336	38.6474	29.0667	3.2793	142.319	0.1763	0.0552
20210514161700	7.90661666666667	43.3753333333333	247	13.7677	13.7312	38.647	29.0669	3.279	142.304	0.1775	0.0551
20210514161700	7.90661666666667	43.3753333333333	248	13.7668	13.7302	38.6472	29.0673	3.28	142.349	0.1759	0.0553
20210514161700	7.90661666666667	43.3753333333333	249	13.7665	13.7297	38.6471	29.0673	3.2795	142.325	0.1595	0.0552
20210514161700	7.90661666666667	43.3753333333333	250	13.7662	13.7292	38.647	29.0674	3.277	142.219	0.1541	0.0551
20210514161700	7.90661666666667	43.3753333333333	251	13.7658	13.7286	38.647	29.0675	3.2793	142.315	0.1581	0.0553
20210514161700	7.90661666666667	43.3753333333333	252	13.7661	13.7288	38.6471	29.0676	3.2813	142.403	0.1623	0.0552
20210514161700	7.90661666666667	43.3753333333333	253	13.7681	13.7306	38.6481	29.0679	3.2819	142.429	0.1731	0.0552
20210514161700	7.90661666666667	43.3753333333333	254	13.769	13.7315	38.6487	29.0682	3.2858	142.598	0.1739	0.055
20210514161700	7.90661666666667	43.3753333333333	255	13.7692	13.7315	38.6486	29.0681	3.2852	142.573	0.1742	0.0554
20210514161700	7.90661666666667	43.3753333333333	256	13.7658	13.7279	38.6475	29.068	3.2823	142.447	0.1749	0.0552
20210514161700	7.90661666666667	43.3753333333333	257	13.7602	13.7221	38.6459	29.0681	3.2817	142.42	0.188	0.0553
20210514161700	7.90661666666667	43.3753333333333	258	13.7555	13.7174	38.6455	29.0687	3.2821	142.438	0.1854	0.0552
20210514161700	7.90661666666667	43.3753333333333	259	13.7532	13.7149	38.6449	29.0688	3.2842	142.53	0.1501	0.0553
20210514161700	7.90661666666667	43.3753333333333	260	13.7528	13.7144	38.6449	29.0689	3.2883	142.708	0.1495	0.0554
20210514161700	7.90661666666667	43.3753333333333	261	13.7519	13.7133	38.6448	29.0691	3.2857	142.596	0.1543	0.0552
20210514161700	7.90661666666667	43.3753333333333	262	13.7513	13.7125	38.6446	29.0691	3.2818	142.423	0.1538	0.0549
20210514161700	7.90661666666667	43.3753333333333	263	13.7505	13.7116	38.6447	29.0694	3.281	142.391	0.1542	0.0548
20210514161700	7.90661666666667	43.3753333333333	264	13.7569	13.7178	38.6486	29.071	3.2818	142.425	0.1579	0.0544
20210514161700	7.90661666666667	43.3753333333333	265	13.7592	13.72	38.6493	29.0711	3.2827	142.464	0.1624	0.0548
20210514161700	7.90661666666667	43.3753333333333	266	13.7568	13.7174	38.6488	29.0713	3.2824	142.449	0.1619	0.0549
20210514161700	7.90661666666667	43.3753333333333	267	13.7562	13.7167	38.6488	29.0714	3.2838	142.511	0.1605	0.0552
20210514161700	7.90661666666667	43.3753333333333	268	13.7551	13.7155	38.6483	29.0713	3.2834	142.493	0.1646	0.0551
20210514161700	7.90661666666667	43.3753333333333	269	13.7526	13.7129	38.6479	29.0715	3.2812	142.398	0.1599	0.0553
20210514161700	7.90661666666667	43.3753333333333	270	13.7564	13.7164	38.6494	29.0719	3.2778	142.251	0.1764	0.0548
20210514161700	7.90661666666667	43.3753333333333	271	13.76	13.7199	38.6505	29.0721	3.2814	142.407	0.172	0.0547
20210514161700	7.90661666666667	43.3753333333333	272	13.7609	13.7207	38.6509	29.0722	3.2822	142.441	0.1744	0.0549
20210514161700	7.90661666666667	43.3753333333333	273	13.7619	13.7215	38.6512	29.0722	3.2806	142.371	0.1585	0.0546
20210514161700	7.90661666666667	43.3753333333333	274	13.7618	13.7212	38.6511	29.0723	3.2817	142.42	0.154	0.0549
20210514161700	7.90661666666667	43.3753333333333	275	13.764	13.7233	38.652	29.0725	3.2825	142.456	0.1713	0.0546
20210514161700	7.90661666666667	43.3753333333333	276	13.769	13.7282	38.6538	29.0729	3.2825	142.453	0.1615	0.0549
20210514161700	7.90661666666667	43.3753333333333	277	13.7682	13.7272	38.6533	29.0727	3.2839	142.515	0.1728	0.0548
20210514161700	7.90661666666667	43.3753333333333	278	13.7712	13.73	38.6545	29.073	3.2814	142.409	0.1655	0.0544
20210514161700	7.90661666666667	43.3753333333333	279	13.7728	13.7315	38.6548	29.0729	3.281	142.391	0.1612	0.0546
20210514161700	7.90661666666667	43.3753333333333	280	13.7731	13.7316	38.6552	29.0732	3.2811	142.394	0.153	0.0547
20210514161700	7.90661666666667	43.3753333333333	281	13.7737	13.732	38.6554	29.0732	3.278	142.262	0.1634	0.0547
20210514161700	7.90661666666667	43.3753333333333	282	13.7739	13.7321	38.6559	29.0736	3.2796	142.327	0.1692	0.0549
20210514161700	7.90661666666667	43.3753333333333	283	13.7744	13.7325	38.6562	29.0738	3.2819	142.431	0.1692	0.055
20210514161700	7.90661666666667	43.3753333333333	284	13.7747	13.7327	38.6563	29.0738	3.2785	142.283	0.1737	0.0546
20210514161700	7.90661666666667	43.3753333333333	285	13.7725	13.7303	38.6565	29.0745	3.2759	142.168	0.1755	0.0548
20210514161700	7.90661666666667	43.3753333333333	286	13.7698	13.7275	38.6562	29.0748	3.2801	142.352	0.178	0.0549
20210514161700	7.90661666666667	43.3753333333333	287	13.7682	13.7257	38.6555	29.0747	3.2821	142.439	0.1617	0.0552
20210514161700	7.90661666666667	43.3753333333333	288	13.7683	13.7256	38.6558	29.0749	3.2788	142.295	0.1697	0.0551
20210514161700	7.90661666666667	43.3753333333333	289	13.7693	13.7265	38.656	29.0749	3.2805	142.366	0.167	0.0548
20210514161700	7.90661666666667	43.3753333333333	290	13.7697	13.7267	38.6562	29.075	3.2786	142.285	0.1622	0.0548
20210514161700	7.90661666666667	43.3753333333333	291	13.7692	13.7261	38.6561	29.075	3.2756	142.154	0.1573	0.055
20210514161700	7.90661666666667	43.3753333333333	292	13.7678	13.7246	38.6556	29.0751	3.2786	142.286	0.1481	0.0547
20210514161700	7.90661666666667	43.3753333333333	293	13.7674	13.724	38.6555	29.075	3.2796	142.327	0.1453	0.0547
20210514161700	7.90661666666667	43.3753333333333	294	13.7662	13.7227	38.6551	29.075	3.2818	142.423	0.1595	0.0549
20210514161700	7.90661666666667	43.3753333333333	295	13.7621	13.7184	38.6546	29.0756	3.2802	142.355	0.1577	0.0551
20210514161700	7.90661666666667	43.3753333333333	296	13.7617	13.7179	38.6547	29.0758	3.2813	142.402	0.1741	0.0549
20210514161700	7.90661666666667	43.3753333333333	297	13.7604	13.7165	38.6543	29.0758	3.2829	142.473	0.173	0.055
20210514161700	7.90661666666667	43.3753333333333	298	13.7597	13.7155	38.6539	29.0757	3.2737	142.072	0.1641	0.0549
20210514161700	7.90661666666667	43.3753333333333	299	13.7557	13.7114	38.6529	29.0758	3.2713	141.967	0.1608	0.0551
20210514161700	7.90661666666667	43.3753333333333	300	13.7523	13.7079	38.6524	29.0761	3.2761	142.175	0.1637	0.0553
20210514161700	7.90661666666667	43.3753333333333	301	13.7506	13.706	38.6524	29.0765	3.2807	142.374	0.1624	0.0548
20210514161700	7.90661666666667	43.3753333333333	302	13.7519	13.7072	38.6527	29.0765	3.2769	142.209	0.169	0.0551
20210514161700	7.90661666666667	43.3753333333333	303	13.7539	13.7091	38.6532	29.0765	NA	NA	0.1792	0.0551
20210514161700	7.90661666666667	43.3753333333333	304	13.7523	13.7073	38.6529	29.0766	3.2732	142.051	0.181	0.0548
20210514161700	7.90661666666667	43.3753333333333	305	13.7473	13.7021	38.6521	29.0771	3.2723	142.013	0.1685	0.0555
20210514161700	7.90661666666667	43.3753333333333	306	13.7447	13.6995	38.6516	29.0773	3.2744	142.102	0.1739	0.055
20210514161700	7.90661666666667	43.3753333333333	307	13.7432	13.6978	38.6516	29.0777	3.2752	142.136	0.1553	0.055
20210514161700	7.90661666666667	43.3753333333333	308	13.7429	13.6973	38.6518	29.0779	3.2713	141.967	0.1483	0.0553
20210514161700	7.90661666666667	43.3753333333333	309	13.7419	13.6962	38.6519	29.0783	3.2633	141.623	0.1567	0.0546
20210514161700	7.90661666666667	43.3753333333333	310	13.7407	13.6949	38.6517	29.0784	3.2721	142.003	0.1584	0.0545
20210514161700	7.90661666666667	43.3753333333333	311	13.7398	13.6937	38.6516	29.0785	3.2742	142.094	0.1693	0.0546
20210514161700	7.90661666666667	43.3753333333333	312	13.7389	13.6927	38.6515	29.0787	3.2701	141.914	0.1722	0.0553
20210514161700	7.90661666666667	43.3753333333333	313	13.7394	13.6931	38.6515	29.0786	3.2703	141.926	0.1653	0.0548
20210514161700	7.90661666666667	43.3753333333333	314	13.7399	13.6934	38.6518	29.0787	3.2699	141.906	0.1649	0.055
20210514161700	7.90661666666667	43.3753333333333	315	13.74	13.6933	38.6519	29.0788	3.2607	141.506	0.165	0.0551
20210514161700	7.90661666666667	43.3753333333333	316	13.7403	13.6935	38.6521	29.0789	3.2649	141.689	0.1726	0.0548
20210514161700	7.90661666666667	43.3753333333333	317	13.74	13.6931	38.6522	29.0792	3.2619	141.559	0.178	0.0549
20210514161700	7.90661666666667	43.3753333333333	318	13.74	13.6929	38.6526	29.0795	3.2648	141.686	0.1705	0.0551
20210514161700	7.90661666666667	43.3753333333333	319	13.7408	13.6936	38.6531	29.0797	3.2698	141.904	0.1684	0.0553
20210514161700	7.90661666666667	43.3753333333333	320	13.7412	13.6938	38.6533	29.0799	3.2721	142.004	0.1688	0.0549
20210514161700	7.90661666666667	43.3753333333333	321	13.734	13.6865	38.651	29.0797	3.2719	141.995	0.1733	0.0552
20210514161700	7.90661666666667	43.3753333333333	322	13.7313	13.6836	38.651	29.0803	3.2698	141.905	0.167	0.0553
20210514161700	7.90661666666667	43.3753333333333	323	13.7328	13.685	38.6513	29.0801	3.2706	141.937	0.1689	0.0552
20210514161700	7.90661666666667	43.3753333333333	324	13.7359	13.6879	38.6527	29.0806	3.2697	141.896	0.1596	0.0552
20210514161700	7.90661666666667	43.3753333333333	325	13.7421	13.6939	38.6536	29.0801	3.266	141.736	0.1574	0.0552
20210514161700	7.90661666666667	43.3753333333333	326	13.7409	13.6927	38.6537	29.0804	3.2686	141.849	0.1618	0.0546
20210514161700	7.90661666666667	43.3753333333333	327	13.7404	13.692	38.6534	29.0803	3.2634	141.624	0.1583	0.0551
20210514161700	7.90661666666667	43.3753333333333	328	13.7373	13.6888	38.6529	29.0806	3.2653	141.707	0.1646	0.0553
20210514161700	7.90661666666667	43.3753333333333	329	13.7366	13.6879	38.6527	29.0806	3.2608	141.511	0.1673	0.0548
20210514161700	7.90661666666667	43.3753333333333	330	13.7357	13.6868	38.6524	29.0806	3.2675	141.804	0.164	0.0551
20210514161700	7.90661666666667	43.3753333333333	331	13.73	13.681	38.6509	29.0807	3.2696	141.894	0.1683	0.0546
20210514161700	7.90661666666667	43.3753333333333	332	13.7236	13.6744	38.6496	29.0812	3.2666	141.763	0.1666	0.055
20210514161700	7.90661666666667	43.3753333333333	333	13.7212	13.6719	38.6487	29.081	3.2667	141.766	0.1635	0.0551
20210514161700	7.90661666666667	43.3753333333333	334	13.7191	13.6696	38.6485	29.0813	3.2663	141.751	0.1741	0.055
20210514161700	7.90661666666667	43.3753333333333	335	13.7159	13.6663	38.6479	29.0816	3.2673	141.794	0.1763	0.0553
20210514161700	7.90661666666667	43.3753333333333	336	13.7149	13.6652	38.6476	29.0815	3.267	141.78	0.1645	0.055
20210514161700	7.90661666666667	43.3753333333333	337	13.7139	13.664	38.6473	29.0816	3.2667	141.768	0.1582	0.0548
20210514161700	7.90661666666667	43.3753333333333	338	13.7119	13.6619	38.647	29.0818	3.2712	141.965	0.1787	0.055
20210514161700	7.90661666666667	43.3753333333333	339	13.7119	13.6617	38.647	29.0818	3.2722	142.006	0.1732	0.0548
20210514161700	7.90661666666667	43.3753333333333	340	13.712	13.6617	38.647	29.0819	3.272	141.997	0.1711	0.0547
20210514161700	7.90661666666667	43.3753333333333	341	13.712	13.6616	38.6473	29.0821	3.2649	141.689	0.1788	0.0551
20210514161700	7.90661666666667	43.3753333333333	342	13.7127	13.662	38.6474	29.0821	3.2688	141.857	0.1706	0.0552
20210514161700	7.90661666666667	43.3753333333333	343	13.7132	13.6624	38.6476	29.0822	3.2725	142.018	0.1717	0.0552
20210514161700	7.90661666666667	43.3753333333333	344	13.7138	13.6629	38.6479	29.0823	3.2704	141.927	0.1744	0.0552
20210514161700	7.90661666666667	43.3753333333333	345	13.7139	13.6628	38.6478	29.0822	3.2691	141.874	0.165	0.0552
20210514161700	7.90661666666667	43.3753333333333	346	13.7139	13.6627	38.6481	29.0825	3.2697	141.898	0.1707	0.0554
20210514161700	7.90661666666667	43.3753333333333	347	13.7143	13.663	38.648	29.0823	3.2664	141.756	0.1661	0.0551
20210514161700	7.90661666666667	43.3753333333333	348	13.7147	13.6632	38.6481	29.0824	3.2621	141.57	0.1719	0.0551
20210514161700	7.90661666666667	43.3753333333333	349	13.7147	13.663	38.648	29.0823	3.2647	141.68	0.1613	0.0551
20210514161700	7.90661666666667	43.3753333333333	350	13.7118	13.66	38.6471	29.0823	3.2638	141.643	0.1558	0.0552
20210514161700	7.90661666666667	43.3753333333333	351	13.7103	13.6583	38.6468	29.0824	3.2639	141.647	0.1397	0.0546
20210514161700	7.90661666666667	43.3753333333333	352	13.7106	13.6585	38.647	29.0826	3.2657	141.723	0.1533	0.0551
20210514161700	7.90661666666667	43.3753333333333	353	13.7142	13.6619	38.648	29.0826	3.2657	141.725	0.1637	0.0549
20210514161700	7.90661666666667	43.3753333333333	354	13.7163	13.6639	38.6486	29.0826	3.266	141.74	0.165	0.0551
20210514161700	7.90661666666667	43.3753333333333	355	13.7163	13.6637	38.6489	29.0829	3.2642	141.657	0.1748	0.0549
20210514161700	7.90661666666667	43.3753333333333	356	13.7188	13.6661	38.6496	29.0829	3.2612	141.527	0.173	0.0548
20210514161700	7.90661666666667	43.3753333333333	357	13.7214	13.6686	38.6506	29.0831	3.263	141.608	0.1718	0.0547
20210514161700	7.90661666666667	43.3753333333333	358	13.7212	13.6682	38.6506	29.0833	3.2606	141.502	0.1662	0.0552
20210514161700	7.90661666666667	43.3753333333333	359	13.7208	13.6677	38.6505	29.0833	3.2596	141.461	0.1642	0.0551
20210514161700	7.90661666666667	43.3753333333333	360	13.7185	13.6652	38.6498	29.0832	3.2613	141.533	0.1681	0.0551
20210514161700	7.90661666666667	43.3753333333333	361	13.7039	13.6505	38.647	29.0843	3.2572	141.354	0.1589	0.0555
20210514161700	7.90661666666667	43.3753333333333	362	13.7044	13.6508	38.6473	29.0844	3.2558	141.295	0.1615	0.0548
20210514161700	7.90661666666667	43.3753333333333	363	13.7013	13.6476	38.6465	29.0845	3.2591	141.438	0.1669	0.0552
20210514161700	7.90661666666667	43.3753333333333	364	13.699	13.6451	38.6461	29.0847	3.261	141.522	0.1747	0.0552
20210514161700	7.90661666666667	43.3753333333333	365	13.6983	13.6443	38.646	29.0848	3.2622	141.574	0.1911	0.0548
20210514161700	7.90661666666667	43.3753333333333	366	13.695	13.6409	38.6454	29.0851	3.2632	141.614	0.1733	0.0547
20210514161700	7.90661666666667	43.3753333333333	367	13.6927	13.6384	38.6447	29.0851	3.262	141.563	0.1733	0.0551
20210514161700	7.90661666666667	43.3753333333333	368	13.6894	13.635	38.6439	29.0852	3.2626	141.588	0.1663	0.0552
20210514161700	7.90661666666667	43.3753333333333	369	13.689	13.6344	38.6439	29.0853	3.264	141.652	0.1698	0.0552
20210514161700	7.90661666666667	43.3753333333333	370	13.691	13.6363	38.6446	29.0855	3.263	141.607	0.158	0.0548
20210514161700	7.90661666666667	43.3753333333333	371	13.6924	13.6375	38.6451	29.0855	3.2631	141.609	0.1563	0.0548
20210514161700	7.90661666666667	43.3753333333333	372	13.6949	13.6398	38.6457	29.0855	3.2644	141.668	0.1557	0.0552
20210514161700	7.90661666666667	43.3753333333333	373	13.6965	13.6413	38.6463	29.0857	3.2686	141.848	0.1654	0.0551
20210514161700	7.90661666666667	43.3753333333333	374	13.6993	13.6439	38.6473	29.0859	3.2685	141.846	0.1547	0.0549
20210514161700	7.90661666666667	43.3753333333333	375	13.6978	13.6423	38.6468	29.0858	3.2633	141.621	0.1656	0.0549
20210514161700	7.90661666666667	43.3753333333333	376	13.6972	13.6416	38.6465	29.0858	3.2613	141.532	0.1564	0.0546
20210514161700	7.90661666666667	43.3753333333333	377	13.6934	13.6376	38.6453	29.0857	3.2643	141.661	0.1585	0.0551
20210514161700	7.90661666666667	43.3753333333333	378	13.6828	13.6268	38.6429	29.0862	3.266	141.735	0.1628	0.0553
20210514161700	7.90661666666667	43.3753333333333	379	13.6835	13.6275	38.6431	29.0862	3.2652	141.701	0.157	0.0552
20210514161700	7.90661666666667	43.3753333333333	380	13.6821	13.6258	38.6431	29.0865	3.2672	141.789	0.165	0.055
20210514161700	7.90661666666667	43.3753333333333	381	13.6819	13.6256	38.6427	29.0863	3.2619	141.56	0.1696	0.0551
20210514161700	7.90661666666667	43.3753333333333	382	13.6829	13.6264	38.6431	29.0864	3.2618	141.557	0.1724	0.0553
20210514161700	7.90661666666667	43.3753333333333	383	13.6828	13.6261	38.6429	29.0863	3.2669	141.774	0.1665	0.055
20210514161700	7.90661666666667	43.3753333333333	384	13.6823	13.6255	38.6429	29.0864	3.2642	141.661	0.1612	0.0548
20210514161700	7.90661666666667	43.3753333333333	385	13.6817	13.6248	38.643	29.0866	3.2644	141.668	0.1665	0.0548
20210514161700	7.90661666666667	43.3753333333333	386	13.6788	13.6217	38.6426	29.087	3.2662	141.748	0.1836	0.055
20210514161700	7.90661666666667	43.3753333333333	387	13.6784	13.6211	38.6425	29.087	3.2676	141.808	0.1702	0.0552
20210514161700	7.90661666666667	43.3753333333333	388	13.6771	13.6197	38.6421	29.0871	3.2631	141.611	0.1657	0.0548
20210514161700	7.90661666666667	43.3753333333333	389	13.6749	13.6174	38.6414	29.087	3.2625	141.585	0.1583	0.055
20210514161700	7.90661666666667	43.3753333333333	390	13.6714	13.6137	38.6407	29.0873	3.2711	141.956	0.17	0.0553
20210514161700	7.90661666666667	43.3753333333333	391	13.6714	13.6135	38.6409	29.0874	3.2702	141.918	0.1705	0.0549
20210514161700	7.90661666666667	43.3753333333333	392	13.6707	13.6127	38.6404	29.0872	3.2715	141.974	0.1612	0.0548
20210514161700	7.90661666666667	43.3753333333333	393	13.67	13.6119	38.6404	29.0874	3.2678	141.813	0.1701	0.0553
20210514161700	7.90661666666667	43.3753333333333	394	13.6668	13.6085	38.6392	29.0872	3.266	141.738	0.1828	0.0553
20210514161700	7.90661666666667	43.3753333333333	395	13.6616	13.6032	38.6379	29.0873	3.2699	141.907	0.1768	0.055
20210514161700	7.90661666666667	43.3753333333333	396	13.6577	13.5991	38.6371	29.0876	3.2727	142.027	0.1669	0.0549
20210514161700	7.90661666666667	43.3753333333333	397	13.6551	13.5964	38.6367	29.0878	3.2708	141.944	0.1767	0.0548
20210514161700	7.90661666666667	43.3753333333333	398	13.6546	13.5957	38.6364	29.0878	3.2719	141.992	0.178	0.0548
20210514161700	7.90661666666667	43.3753333333333	399	13.6542	13.5952	38.6364	29.0878	3.2758	142.162	0.162	0.0546
20210514161700	7.90661666666667	43.3753333333333	400	13.6495	13.5904	38.635	29.0878	3.2736	142.068	0.1775	0.0542
20210514161700	7.90661666666667	43.3753333333333	401	13.6469	13.5876	38.6349	29.0883	3.2717	141.982	0.1754	0.0545
20210514161700	7.90661666666667	43.3753333333333	402	13.6467	13.5872	38.6346	29.0881	3.2732	142.047	0.182	0.055
20210514161700	7.90661666666667	43.3753333333333	403	13.6464	13.5868	38.6347	29.0883	3.2729	142.036	0.1683	0.0551
20210514161700	7.90661666666667	43.3753333333333	404	13.6454	13.5857	38.6344	29.0883	3.2767	142.202	0.1669	0.0547
20210514161700	7.90661666666667	43.3753333333333	405	13.6449	13.5851	38.6342	29.0883	3.2761	142.176	0.1694	0.0548
20210514161700	7.90661666666667	43.3753333333333	406	13.6411	13.5811	38.6331	29.0884	3.2777	142.244	0.1627	0.055
20210514161700	7.90661666666667	43.3753333333333	407	13.6368	13.5766	38.6323	29.0886	3.2767	142.199	0.1686	0.0547
20210514161700	7.90661666666667	43.3753333333333	408	13.6344	13.5741	38.6318	29.0888	NA	NA	0.1519	0.0538
20210514173100	7.9097	43.3742166666667	2	16.181	16.1807	38.2128	28.179	4.7232	205.159	0.4257	0.2454
20210514173100	7.9097	43.3742166666667	3	16.1803	16.1799	38.2121	28.1787	4.7221	205.109	0.4336	0.2434
20210514173100	7.9097	43.3742166666667	4	16.1395	16.1388	38.2142	28.19	4.7234	205.163	0.4216	0.2432
20210514173100	7.9097	43.3742166666667	5	16.1509	16.1501	38.2148	28.1878	4.7142	204.765	0.4321	0.2434
20210514173100	7.9097	43.3742166666667	6	16.1172	16.1162	38.2153	28.1961	4.7135	204.73	0.4489	0.2424
20210514173100	7.9097	43.3742166666667	7	16.0924	16.0912	38.2169	28.2033	4.714	204.751	0.4337	0.2423
20210514173100	7.9097	43.3742166666667	8	16.0799	16.0786	38.2178	28.2069	4.7128	204.701	0.4369	0.2415
20210514173100	7.9097	43.3742166666667	9	16.0481	16.0467	38.2172	28.214	4.7159	204.832	0.4467	0.2423
20210514173100	7.9097	43.3742166666667	10	16.0133	16.0117	38.2186	28.2232	4.7219	205.091	0.44	0.2424
20210514173100	7.9097	43.3742166666667	11	15.9916	15.9898	38.2205	28.2299	4.7202	205.015	0.4286	0.2422
20210514173100	7.9097	43.3742166666667	12	15.9669	15.9649	38.2197	28.235	4.7311	205.489	0.4233	0.2419
20210514173100	7.9097	43.3742166666667	13	15.9293	15.9272	38.2209	28.2448	4.7363	205.714	0.4121	0.2421
20210514173100	7.9097	43.3742166666667	14	15.8956	15.8933	38.2215	28.2532	4.7396	205.855	0.4183	0.2428
20210514173100	7.9097	43.3742166666667	15	15.8687	15.8663	38.2228	28.2605	4.7418	205.949	0.4329	0.2419
20210514173100	7.9097	43.3742166666667	16	15.828	15.8254	38.2241	28.2711	4.7584	206.666	0.4261	0.2426
20210514173100	7.9097	43.3742166666667	17	15.7998	15.7971	38.227	28.2799	4.7592	206.699	0.4253	0.2453
20210514173100	7.9097	43.3742166666667	18	15.8	15.7971	38.2276	28.2803	4.7384	205.796	0.4125	0.245
20210514173100	7.9097	43.3742166666667	19	15.6186	15.6156	38.2365	28.3293	4.7855	207.834	0.4284	0.2464
20210514173100	7.9097	43.3742166666667	20	15.4981	15.4949	38.2502	28.3677	4.7938	208.185	0.4654	0.2548
20210514173100	7.9097	43.3742166666667	21	15.3403	15.337	38.2571	28.4092	4.8352	209.976	0.4899	0.2585
20210514173100	7.9097	43.3742166666667	22	14.9413	14.9379	38.2913	28.5261	4.8955	212.568	0.5238	0.2755
20210514173100	7.9097	43.3742166666667	23	14.4697	14.4662	38.3311	28.6622	4.949	214.863	0.6325	0.2881
20210514173100	7.9097	43.3742166666667	24	14.113	14.1095	38.3698	28.7704	4.9889	216.575	0.6852	0.2969
20210514173100	7.9097	43.3742166666667	25	14.0003	13.9966	38.3875	28.8087	4.9684	215.675	0.8645	0.3281
20210514173100	7.9097	43.3742166666667	26	14.0991	14.0953	38.367	28.7712	4.902	212.799	0.8454	0.3089
20210514173100	7.9097	43.3742166666667	27	13.8837	13.8797	38.3968	28.8411	4.9129	213.262	0.9543	0.3418
20210514173100	7.9097	43.3742166666667	28	13.8698	13.8657	38.3987	28.8456	4.8745	211.592	1.2229	0.3706
20210514173100	7.9097	43.3742166666667	29	13.839	13.8348	38.4017	28.8546	4.8375	209.983	1.1718	0.3548
20210514173100	7.9097	43.3742166666667	30	13.8157	13.8113	38.4058	28.8629	4.8359	209.913	1.3333	0.3753
20210514173100	7.9097	43.3742166666667	31	13.8206	13.816	38.4102	28.8652	4.7765	207.335	1.6564	0.4033
20210514173100	7.9097	43.3742166666667	32	13.7921	13.7874	38.4183	28.8777	4.6941	203.755	1.5277	0.4051
20210514173100	7.9097	43.3742166666667	33	13.7687	13.7639	38.4252	28.8881	4.6411	201.452	1.6457	0.4314
20210514173100	7.9097	43.3742166666667	34	13.7359	13.731	38.4329	28.9011	4.5711	198.41	1.6097	0.4366
20210514173100	7.9097	43.3742166666667	35	13.7221	13.7169	38.4396	28.9093	4.4884	194.82	1.721	0.441
20210514173100	7.9097	43.3742166666667	36	13.7034	13.6981	38.4402	28.9138	4.4459	192.973	1.883	0.4407
20210514173100	7.9097	43.3742166666667	37	13.6593	13.6539	38.4338	28.9183	4.4105	191.438	1.6664	0.433
20210514173100	7.9097	43.3742166666667	38	13.6248	13.6192	38.4331	28.9251	4.3945	190.743	1.674	0.4136
20210514173100	7.9097	43.3742166666667	39	13.6061	13.6004	38.4308	28.9274	4.3438	188.541	1.6734	0.41
20210514173100	7.9097	43.3742166666667	40	13.5723	13.5665	38.4266	28.9313	4.3415	188.438	1.6939	0.4107
20210514173100	7.9097	43.3742166666667	41	13.5484	13.5424	38.4276	28.9372	4.3421	188.466	1.6107	0.3906
20210514173100	7.9097	43.3742166666667	42	13.5648	13.5587	38.4296	28.9353	4.2873	186.088	1.7114	0.3881
20210514173100	7.9097	43.3742166666667	43	13.5248	13.5186	38.4308	28.9448	4.2533	184.608	1.7747	0.3675
20210514173100	7.9097	43.3742166666667	44	13.5132	13.5068	38.4342	28.9499	4.2378	183.936	1.5139	0.3213
20210514173100	7.9097	43.3742166666667	45	13.5075	13.5009	38.4367	28.9531	4.2149	182.941	1.28	0.2591
20210514173100	7.9097	43.3742166666667	46	13.5035	13.4968	38.4395	28.9562	4.1949	182.074	1.0909	0.2166
20210514173100	7.9097	43.3742166666667	47	13.5003	13.4935	38.4407	28.9578	4.186	181.687	0.948	0.2257
20210514173100	7.9097	43.3742166666667	48	13.4971	13.4901	38.442	28.9595	4.1867	181.714	0.8373	0.1726
20210514173100	7.9097	43.3742166666667	49	13.4961	13.489	38.4427	28.9603	4.1725	181.099	0.8121	0.1651
20210514173100	7.9097	43.3742166666667	50	13.4927	13.4855	38.4446	28.9625	4.162	180.644	0.8091	0.1581
20210514173100	7.9097	43.3742166666667	51	13.4899	13.4825	38.4457	28.964	4.1623	180.654	0.6772	0.1214
20210514173100	7.9097	43.3742166666667	52	13.4881	13.4806	38.4475	28.9658	4.1505	180.143	0.5818	0.1184
20210514173100	7.9097	43.3742166666667	53	13.4883	13.4807	38.45	28.9678	4.1337	179.413	0.586	0.1202
20210514173100	7.9097	43.3742166666667	54	13.4871	13.4793	38.4531	28.9704	4.1172	178.695	0.4991	0.0994
20210514173100	7.9097	43.3742166666667	55	13.4928	13.4848	38.4564	28.9718	4.1071	178.26	0.4047	0.0879
20210514173100	7.9097	43.3742166666667	56	13.4866	13.4785	38.4573	28.9739	4.1008	177.986	0.3745	0.0809
20210514173100	7.9097	43.3742166666667	57	13.4872	13.479	38.4598	28.9757	4.088	177.429	0.3484	0.0775
20210514173100	7.9097	43.3742166666667	58	13.4903	13.4819	38.4618	28.9766	4.0717	176.72	0.3281	0.0764
20210514173100	7.9097	43.3742166666667	59	13.4941	13.4856	38.464	28.9775	4.0571	176.088	0.3172	0.0715
20210514173100	7.9097	43.3742166666667	60	13.4984	13.4897	38.4662	28.9784	4.0475	175.671	0.2952	0.0702
20210514173100	7.9097	43.3742166666667	61	13.5042	13.4954	38.4693	28.9795	4.0187	174.419	0.2929	0.07
20210514173100	7.9097	43.3742166666667	62	13.5194	13.5105	38.4766	28.982	3.9797	172.727	0.2934	0.0667
20210514173100	7.9097	43.3742166666667	63	13.5412	13.5321	38.4857	28.9845	3.9586	171.812	0.2742	0.0661
20210514173100	7.9097	43.3742166666667	64	13.5485	13.5392	38.4879	28.9847	3.9433	171.148	0.2647	0.0657
20210514173100	7.9097	43.3742166666667	65	13.554	13.5446	38.4907	28.9857	3.9162	169.969	0.2857	0.0647
20210514173100	7.9097	43.3742166666667	66	13.5605	13.5509	38.4943	28.9872	3.9034	169.416	0.2811	0.0628
20210514173100	7.9097	43.3742166666667	67	13.5655	13.5557	38.4966	28.9879	3.8922	168.929	0.2712	0.0623
20210514173100	7.9097	43.3742166666667	68	13.5736	13.5638	38.5001	28.9889	3.874	168.139	0.267	0.0615
20210514173100	7.9097	43.3742166666667	69	13.5767	13.5666	38.5018	28.9896	3.865	167.747	0.2448	0.0608
20210514173100	7.9097	43.3742166666667	70	13.5781	13.568	38.5024	28.9898	3.8583	167.459	0.2445	0.0609
20210514173100	7.9097	43.3742166666667	71	13.5793	13.569	38.503	28.99	3.8543	167.282	0.2368	0.0605
20210514173100	7.9097	43.3742166666667	72	13.5808	13.5703	38.5041	28.9906	3.8431	166.795	0.2386	0.0605
20210514173100	7.9097	43.3742166666667	73	13.583	13.5723	38.5052	28.991	3.8425	166.772	0.2594	0.0609
20210514173100	7.9097	43.3742166666667	74	13.5874	13.5766	38.5073	28.9917	3.8216	165.866	0.2658	0.0603
20210514173100	7.9097	43.3742166666667	75	13.5992	13.5883	38.5129	28.9936	3.7971	164.8	0.2613	0.0604
20210514173100	7.9097	43.3742166666667	76	13.6074	13.5963	38.5157	28.9941	3.7891	164.455	0.2394	0.0598
20210514173100	7.9097	43.3742166666667	77	13.6117	13.6005	38.5174	28.9945	3.782	164.146	0.2322	0.0597
20210514173100	7.9097	43.3742166666667	78	13.6169	13.6055	38.521	28.9962	3.759	163.148	0.2252	0.06
20210514173100	7.9097	43.3742166666667	79	13.6221	13.6105	38.5242	28.9976	3.7481	162.673	0.2345	0.0588
20210514173100	7.9097	43.3742166666667	80	13.6268	13.6151	38.5263	28.9983	3.7454	162.555	0.2318	0.059
20210514173100	7.9097	43.3742166666667	81	13.6264	13.6145	38.5257	28.9979	3.7333	162.031	0.2397	0.0595
20210514173100	7.9097	43.3742166666667	82	13.635	13.623	38.5308	29.0001	3.7157	161.266	0.2432	0.06
20210514173100	7.9097	43.3742166666667	83	13.6407	13.6285	38.5334	29.0009	3.7108	161.052	0.2356	0.0595
20210514173100	7.9097	43.3742166666667	84	13.6432	13.6309	38.535	29.0016	3.6922	160.244	0.2241	0.0586
20210514173100	7.9097	43.3742166666667	85	13.6626	13.6502	38.545	29.0052	3.6756	159.524	0.2166	0.0584
20210514173100	7.9097	43.3742166666667	86	13.6729	13.6603	38.5492	29.0063	3.6552	158.639	0.2148	0.0589
20210514173100	7.9097	43.3742166666667	87	13.6794	13.6667	38.5522	29.0073	3.6387	157.925	0.2279	0.0579
20210514173100	7.9097	43.3742166666667	88	13.6841	13.6712	38.5542	29.0079	3.635	157.764	0.2113	0.0574
20210514173100	7.9097	43.3742166666667	89	13.6858	13.6728	38.555	29.0082	3.6334	157.694	0.2175	0.0575
20210514173100	7.9097	43.3742166666667	90	13.6846	13.6714	38.5544	29.008	3.6269	157.41	0.2197	0.0577
20210514173100	7.9097	43.3742166666667	91	13.6883	13.675	38.5579	29.01	3.6103	156.69	0.2221	0.0578
20210514173100	7.9097	43.3742166666667	92	13.6912	13.6778	38.5621	29.0126	3.6032	156.384	0.2136	0.0577
20210514173100	7.9097	43.3742166666667	93	13.6926	13.679	38.5636	29.0135	3.6012	156.295	0.211	0.0574
20210514173100	7.9097	43.3742166666667	94	13.6926	13.6788	38.5631	29.0132	3.6009	156.284	0.2144	0.0571
20210514173100	7.9097	43.3742166666667	95	13.6936	13.6797	38.5651	29.0145	3.5912	155.859	0.2143	0.0573
20210514173100	7.9097	43.3742166666667	96	13.6953	13.6813	38.5673	29.0159	3.5897	155.796	0.2078	0.0566
20210514173100	7.9097	43.3742166666667	97	13.6978	13.6836	38.568	29.0159	3.5862	155.643	0.2083	0.0566
20210514173100	7.9097	43.3742166666667	98	13.7014	13.6871	38.5698	29.0166	3.5719	155.025	0.218	0.0567
20210514173100	7.9097	43.3742166666667	99	13.7106	13.6961	38.5729	29.0171	3.5687	154.885	0.2081	0.0569
20210514173100	7.9097	43.3742166666667	100	13.7114	13.6967	38.5732	29.0171	3.5709	154.978	0.2047	0.057
20210514173100	7.9097	43.3742166666667	101	13.7119	13.697	38.5735	29.0173	3.565	154.725	0.2133	0.0564
20210514173100	7.9097	43.3742166666667	102	13.7125	13.6976	38.5739	29.0175	3.562	154.593	0.2065	0.0563
20210514173100	7.9097	43.3742166666667	103	13.7135	13.6984	38.5743	29.0176	3.5614	154.567	0.2047	0.0563
20210514173100	7.9097	43.3742166666667	104	13.7143	13.699	38.5743	29.0175	3.5599	154.502	0.2119	0.0563
20210514173100	7.9097	43.3742166666667	105	13.718	13.7026	38.5753	29.0175	NA	NA	0.2133	0.057
20210514173100	7.9097	43.3742166666667	106	13.7538	13.7382	38.5948	29.025	NA	NA	0.2099	0.0564
20210514173100	7.9097	43.3742166666667	107	13.7882	13.7725	38.602	29.0232	NA	NA	0.1977	0.0568
