	28963	140	140.000	140	695	57	54272	28022	149	149.000	149	695	50	54225
99/99/99	99:99:99	695	107	700	148	460	58	536
99/99/99	99:99:99	440	107	470	117	532	58	543
ECOV2-B00206	ECOV2-B	00206	1549	0	13.83	1	1112222211111111	00005540	700	57	54255	28959	147	147.000	147	695	57	54272	28026	142	142.000	142	695	50	54225
99/99/99	99:99:99	695	107	700	164	460	57	536
99/99/99	99:99:99	440	109	470	115	532	59	543
ECOV2-B00206	ECOV2-B	00206	1550	0	13.83	1	1112222211111111	00005540	700	56	54255	28964	148	148.000	148	695	57	54272	28023	143	143.000	143	695	50	54226
99/99/99	99:99:99	695	104	700	152	460	57	536
99/99/99	99:99:99	440	109	470	113	532	57	543
ECOV2-B00206	ECOV2-B	00206	1551	0	13.82	1	1112222211111111	00005540	700	57	54255	28954	140	140.000	140	695	57	54272	28031	146	146.000	146	695	50	54225
99/99/99	99:99:99	695	99	700	153	460	50	536
99/99/99	99:99:99	440	106	470	115	532	55	543
ECOV2-B00206	ECOV2-B	00206	1552	0	13.83	1	1112222211111111	00005540	700	57	54256	28964	137	137.000	137	695	58	54272	28019	146	146.000	146	695	50	54226
99/99/99	99:99:99	695	102	700	152	460	52	536
99/99/99	99:99:99	440	106	470	112	532	55	543
ECOV2-B00206	ECOV2-B	00206	1553	0	13.82	1	1112222211111111	00005540	700	57	54255	28968	137	137.000	137	695	60	54272	28030	158	158.000	158	695	50	54226
99/99/99	99:99:99	440	106	470	116	532	55	543
99/99/99	99:99:99	695	101	700	162	460	49	536
ECOV2-B00206	ECOV2-B	00206	1554	0	13.82	1	1112222211111111	00005540	700	57	54255	28971	152	152.000	152	695	57	54272	28032	154	154.000	154	695	49	54226
99/99/99	99:99:99	440	108	470	111	532	55	543
99/99/99	99:99:99	695	107	700	153	460	58	536
ECOV2-B00206	ECOV2-B	00206	1555	0	13.82	1	1112222211111111	00005540	700	57	54255	28975	140	140.000	140	695	57	54272	28019	145	145.000	145	695	49	54226
99/99/99	99:99:99	440	107	470	111	532	56	543
ECOV2-B00206	ECOV2-B	00206	1556	0	13.83	1	1112222211111111	00005540	700	57	54255	28968	134	134.000	134	695	58	54272	28030	151	151.000	151	695	50	54225
99/99/99	99:99:99	695	101	700	157	460	56	536
99/99/99	99:99:99	440	106	470	114	532	57	542
ECOV2-B00206	ECOV2-B	00206	1557	0	13.82	1	1112222211111111	00005540	700	55	54255	28960	135	135.000	135	695	57	54272	28026	147	147.000	147	695	50	54225
99/99/99	99:99:99	695	103	700	175	460	55	536
ECOV2-B00206	ECOV2-B	00206	1558	0	13.83	1	1112222211111111	00005540	700	57	54255	28968	146	146.000	146	695	56	54273	28015	143	143.000	143	695	49	54225
99/99/99	99:99:99	440	109	470	115	532	55	543
99/99/99	99:99:99	695	103	700	167	460	55	536
ECOV2-B00206	ECOV2-B	00206	1559	0	13.83	1	1112222211111111	00005540	700	56	54255	28962	144	144.000	144	695	57	54272	28026	146	146.000	146	695	50	54225
99/99/99	99:99:99	440	104	470	115	532	57	543
99/99/99	99:99:99	695	103	700	163	460	55	536
ECOV2-B00206	ECOV2-B	00206	1560	0	13.82	1	1112222211111111	00005540	700	55	54255	28961	135	135.000	135	695	58	54272	28025	149	149.000	149	695	50	54226
99/99/99	99:99:99	440	107	470	112	532	60	543
99/99/99	99:99:99	695	107	700	159	460	56	536
ECOV2-B00206	ECOV2-B	00206	1561	0	13.83	1	1112222211111111	00005540	700	55	54254	28972	138	138.000	138	695	56	54272	28029	149	149.000	149	695	50	54225
99/99/99	99:99:99	440	109	470	116	532	59	543
99/99/99	99:99:99	695	101	700	158	460	53	536
ECOV2-B00206	ECOV2-B	00206	1562	0	13.83	1	1112222211111111	00005540	700	58	54255	28968	146	146.000	146	695	57	54272	28021	145	145.000	145	695	50	54226
99/99/99	99:99:99	440	108	470	114	532	56	543
99/99/99	99:99:99	695	107	700	166	460	54	536
ECOV2-B00206	ECOV2-B	00206	1563	0	13.83	1	1112222211111111	00005540	700	57	54255	28961	144	144.000	144	695	58	54272	28043	153	153.000	153	695	50	54225
99/99/99	99:99:99	440	107	470	117	532	58	543
99/99/99	99:99:99	695	104	700	160	460	54	536
ECOV2-B00206	ECOV2-B	00206	1564	0	13.82	1	1112222211111111	00005540	700	55	54256	28975	142	142.000	142	695	59	54272	28025	149	149.000	149	695	50	54225
99/99/99	99:99:99	440	104	470	117	532	61	543
ECOV2-B00206	ECOV2-B	00206	1565	0	13.82	1	1112222211111111	00005540	700	57	54256	28968	135	135.000	135	695	57	54272	28027	146	146.000	146	695	50	54225
99/99/99	99:99:99	695	104	700	153	460	55	536
99/99/99	99:99:99	440	103	470	113	532	57	543
ECOV2-B00206	ECOV2-B	00206	1566	0	13.82	1	1112222211111111	00005540	700	57	54255	28969	146	146.000	146	695	59	54272	28030	148	148.000	148	695	50	54225
99/99/99	99:99:99	695	103	700	154	460	56	536
99/99/99	99:99:99	440	105	470	109	532	59	543
ECOV2-B00206	ECOV2-B	00206	1567	0	13.82	1	1112222211111111	00005540	700	57	54255	28960	139	139.000	139	695	56	54272	28027	142	142.000	142	695	50	54225
99/99/99	99:99:99	695	104	700	154	460	53	536
99/99/99	99:99:99	440	105	470	111	532	59	543
ECOV2-B00206	ECOV2-B	00206	1568	0	13.82	1	1112222211111111	00005540	700	56	54255	28966	141	141.000	141	695	56	54272	28026	140	140.000	140	695	50	54225
99/99/99	99:99:99	695	101	700	158	460	52	536
99/99/99	99:99:99	440	101	470	107	532	57	543
ECOV2-B00206	ECOV2-B	00206	1569	0	13.82	1	1112222211111111	00005540	700	57	54255	28965	141	141.000	141	695	58	54272	28036	145	145.000	145	695	50	54226
99/99/99	99:99:99	695	104	700	162	460	54	536
99/99/99	99:99:99	440	99	470	111	532	54	543
ECOV2-B00206	ECOV2-B	00206	1570	0	13.83	1	1112222211111111	00005540	700	58	54255	28970	146	146.000	146	695	57	54272	28026	152	152.000	152	695	50	54225
99/99/99	99:99:99	695	107	700	161	460	55	536
99/99/99	99:99:99	440	102	470	111	532	55	543
ECOV2-B00206	ECOV2-B	00206	1571	0	13.83	1	1112222211111111	00005540	700	56	54255	28957	137	137.000	137	695	58	54272	28031	146	146.000	146	695	50	54226
99/99/99	99:99:99	695	106	700	164	460	54	536
99/99/99	99:99:99	440	103	470	109	532	52	543
ECOV2-B00206	ECOV2-B	00206	1572	0	13.83	1	1112222211111111	00005540	700	57	54255	28967	136	136.000	136	695	56	54272	28032	141	141.000	141	695	50	54225
99/99/99	99:99:99	695	100	700	160	460	56	536
99/99/99	99:99:99	440	100	470	109	532	52	542
ECOV2-B00206	ECOV2-B	00206	1573	0	13.82	1	1112222211111111	00005540	700	57	54255	28972	136	136.000	136	695	56	54272	28024	140	140.000	140	695	50	54225
ECOV2-B00206	ECOV2-B	00206	1574	0	13.82	1	1112222211111111	00005540	700	56	54255	28963	132	132.000	132	695	58	54272	28025	151	151.000	151	695	49	54226
99/99/99	99:99:99	695	104	700	153	460	55	536
99/99/99	99:99:99	440	103	470	114	532	55	543
ECOV2-B00206	ECOV2-B	00206	1575	0	13.82	1	1112222211111111	00005540	700	57	54254	28974	143	143.000	143	695	58	54272	28042	150	150.000	150	695	50	54225
99/99/99	99:99:99	440	97	470	107	532	56	543
99/99/99	99:99:99	695	105	700	164	460	56	536
ECOV2-B00206	ECOV2-B	00206	1576	0	13.83	1	1112222211111111	00005540	700	55	54255	28962	143	143.000	143	695	55	54272	28031	143	143.000	143	695	50	54225
99/99/99	99:99:99	440	98	470	106	532	56	542
99/99/99	99:99:99	695	103	700	153	460	56	536
ECOV2-B00206	ECOV2-B	00206	1577	0	13.82	1	1112222211111111	00005540	700	56	54255	28956	141	141.000	141	695	58	54272	28027	147	147.000	147	695	50	54225
99/99/99	99:99:99	440	99	470	112	532	54	542
99/99/99	99:99:99	695	105	700	159	460	55	536
ECOV2-B00206	ECOV2-B	00206	1578	0	13.82	1	1112222211111111	00005540	700	57	54255	28963	142	142.000	142	695	58	54272	28023	152	152.000	152	695	50	54225
99/99/99	99:99:99	440	96	470	111	532	57	543
99/99/99	99:99:99	695	106	700	155	460	56	536
ECOV2-B00206	ECOV2-B	00206	1579	0	13.83	1	1112222211111111	00005540	700	56	54256	28970	136	136.000	136	695	56	54272	28024	146	146.000	146	695	51	54224
99/99/99	99:99:99	440	103	470	108	532	56	542
99/99/99	99:99:99	695	101	700	146	460	55	536
ECOV2-B00206	ECOV2-B	00206	1580	0	13.82	1	1112222211111111	00005540	700	55	54255	28964	141	141.000	141	695	56	54272	28030	144	144.000	144	695	50	54225
99/99/99	99:99:99	440	101	470	109	532	57	543
99/99/99	99:99:99	695	105	700	159	460	57	536
ECOV2-B00206	ECOV2-B	00206	1581	0	13.82	1	1112222211111111	00005540	700	56	54255	28969	133	133.000	133	695	58	54272	28026	148	148.000	148	695	50	54224
99/99/99	99:99:99	440	98	470	110	532	53	543
ECOV2-B00206	ECOV2-B	00206	1582	0	13.82	1	1112222211111111	00005540	700	57	54254	28962	139	139.000	139	695	58	54272	28021	150	150.000	150	695	50	54224
99/99/99	99:99:99	695	105	700	153	460	57	536
99/99/99	99:99:99	440	100	470	113	532	61	542
ECOV2-B00206	ECOV2-B	00206	1583	0	13.82	1	1112222211111111	00005540	700	57	54255	28963	142	142.000	142	695	56	54272	28033	147	147.000	147	695	49	54224
99/99/99	99:99:99	695	108	700	153	460	57	536
99/99/99	99:99:99	440	96	470	110	532	58	543
ECOV2-B00206	ECOV2-B	00206	1584	0	13.82	1	1112222211111111	00005540	700	56	54255	28953	143	143.000	143	695	58	54272	28028	153	153.000	153	695	50	54225
99/99/99	99:99:99	695	105	700	169	460	55	536
99/99/99	99:99:99	440	101	470	109	532	61	542
ECOV2-B00206	ECOV2-B	00206	1585	0	13.83	1	1112222211111111	00005540	700	58	54254	28982	148	148.000	148	695	59	54272	28034	151	151.000	151	695	50	54225
99/99/99	99:99:99	695	101	700	155	460	57	536
99/99/99	99:99:99	440	95	470	112	532	60	542
ECOV2-B00206	ECOV2-B	00206	1586	0	13.82	1	1112222211111111	00005540	700	56	54255	28973	144	144.000	144	695	56	54272	28035	158	158.000	158	695	50	54225
99/99/99	99:99:99	695	101	700	165	460	56	536
ECOV2-B00206	ECOV2-B	00206	1587	0	13.82	1	1112222211111111	00005540	700	57	54255	28966	141	141.000	141	695	58	54272	28030	147	147.000	147	695	50	54226
99/99/99	99:99:99	440	95	470	112	532	62	543
99/99/99	99:99:99	695	106	700	165	460	56	536
ECOV2-B00206	ECOV2-B	00206	1588	0	13.82	1	1112222211111111	00005540	700	57	54255	28971	146	146.000	146	695	58	54272	28043	153	153.000	153	695	50	54226
99/99/99	99:99:99	440	97	470	114	532	58	543
99/99/99	99:99:99	695	102	700	156	460	57	536
ECOV2-B00206	ECOV2-B	00206	1589	0	13.82	1	1112222211111111	00005540	700	57	54255	28971	144	144.000	144	695	57	54272	28043	144	144.000	144	695	50	54226
99/99/99	99:99:99	440	94	470	118	532	61	543
99/99/99	99:99:99	695	101	700	169	460	55	536
ECOV2-B00206	ECOV2-B	00206	1590	0	13.83	1	1112222211111111	00005540	700	56	54255	28974	142	142.000	142	695	57	54272	28043	145	145.000	145	695	50	54226
99/99/99	99:99:99	440	96	470	113	532	59	542
ECOV2-B00206	ECOV2-B	00206	1591	0	13.83	1	1112222211111111	00005540	700	57	54255	28972	138	138.000	138	695	56	54272	28020	150	150.000	150	695	50	54225
99/99/99	99:99:99	695	105	700	158	460	56	536
99/99/99	99:99:99	440	92	470	112	532	62	543
ECOV2-B00206	ECOV2-B	00206	1592	0	13.82	1	1112222211111111	00005540	700	57	54255	28974	150	150.000	150	695	57	54272	28042	143	143.000	143	695	50	54225
99/99/99	99:99:99	695	103	700	151	460	58	536
99/99/99	99:99:99	440	96	470	113	532	60	543
ECOV2-B00206	ECOV2-B	00206	1593	0	13.83	1	1112222211111111	00005540	700	55	54255	28973	146	146.000	146	695	57	54272	28043	151	151.000	151	695	50	54226
99/99/99	99:99:99	695	105	700	158	460	58	536
99/99/99	99:99:99	440	92	470	119	532	59	543
ECOV2-B00206	ECOV2-B	00206	1594	0	13.83	1	1112222211111111	00005540	700	57	54255	28970	151	151.000	151	695	59	54272	28033	162	162.000	162	695	48	54226
99/99/99	99:99:99	695	109	700	157	460	60	536
99/99/99	99:99:99	440	97	470	121	532	60	542
ECOV2-B00206	ECOV2-B	00206	1595	0	13.82	1	1112222211111111	00005540	700	57	54255	28963	152	152.000	152	695	59	54272	28030	160	160.000	160	695	50	54225
99/99/99	99:99:99	440	100	470	118	532	60	542
99/99/99	99:99:99	695	113	700	157	460	60	536
ECOV2-B00206	ECOV2-B	00206	1596	0	13.83	1	1112222211111111	00005540	700	57	54255	28966	154	154.000	154	695	59	54272	28033	158	158.000	158	695	50	54225
99/99/99	99:99:99	440	101	470	122	532	59	543
99/99/99	99:99:99	695	114	700	156	460	58	536
ECOV2-B00206	ECOV2-B	00206	1597	0	13.82	1	1112222211111111	00005540	700	59	54255	28972	161	161.000	161	695	59	54272	28043	167	167.000	167	695	49	54226
99/99/99	99:99:99	440	100	470	122	532	60	543
99/99/99	99:99:99	695	118	700	152	460	59	536
ECOV2-B00206	ECOV2-B	00206	1598	0	13.82	1	1112222211111111	00005540	700	58	54255	28973	161	161.000	161	695	61	54272	28031	170	170.000	170	695	50	54227
99/99/99	99:99:99	440	106	470	126	532	62	542
ECOV2-B00206	ECOV2-B	00206	1599	0	13.83	1	1112222211111111	00005540	700	60	54255	28981	171	171.000	171	695	59	54272	28036	174	174.000	174	695	50	54226
99/99/99	99:99:99	695	118	700	160	460	59	536
99/99/99	99:99:99	440	105	470	124	532	60	542
ECOV2-B00206	ECOV2-B	00206	1600	0	13.82	1	1112222211111111	00005540	700	60	54255	28981	167	167.000	167	695	60	54272	28032	175	175.000	175	695	50	54225
99/99/99	99:99:99	695	117	700	157	460	59	536
99/99/99	99:99:99	440	106	470	126	532	60	543
ECOV2-B00206	ECOV2-B	00206	1601	0	13.83	1	1112222211111111	00005540	700	61	54255	28972	174	174.000	174	695	62	54272	28043	182	182.000	182	695	50	54227
99/99/99	99:99:99	695	119	700	157	460	59	536
ECOV2-B00206	ECOV2-B	00206	1602	0	13.82	1	1112222211111111	00005540	700	60	54256	28981	170	170.000	170	695	60	54272	28042	181	181.000	181	695	50	54226
99/99/99	99:99:99	440	107	470	129	532	60	542
99/99/99	99:99:99	695	122	700	166	460	59	536
ECOV2-B00206	ECOV2-B	00206	1603	0	13.82	1	1112222211111111	00005540	700	60	54255	28968	171	171.000	171	695	62	54272	28044	181	181.000	181	695	49	54226
99/99/99	99:99:99	440	106	470	127	532	60	543
99/99/99	99:99:99	695	122	700	153	460	61	536
ECOV2-B00206	ECOV2-B	00206	1604	0	13.82	1	1112222211111111	00005540	700	61	54255	28976	177	177.000	177	695	62	54272	28039	186	186.000	186	695	51	54225
99/99/99	99:99:99	440	111	470	131	532	60	543
99/99/99	99:99:99	695	122	700	160	460	62	536
ECOV2-B00206	ECOV2-B	00206	1605	0	13.82	1	1112222211111111	00005540	700	60	54255	28976	172	172.000	172	695	61	54272	28042	184	184.000	184	695	50	54225
99/99/99	99:99:99	440	113	470	131	532	62	543
99/99/99	99:99:99	695	123	700	156	460	59	536
ECOV2-B00206	ECOV2-B	00206	1606	0	13.82	1	1112222211111111	00005540	700	60	54256	28983	169	169.000	169	695	61	54272	28037	183	183.000	183	695	50	54226
99/99/99	99:99:99	440	118	470	129	532	58	543
99/99/99	99:99:99	695	126	700	162	460	59	536
ECOV2-B00206	ECOV2-B	00206	1607	0	13.82	1	1112222211111111	00005540	700	61	54255	28971	177	177.000	177	695	63	54272	28046	195	195.000	195	695	50	54226
99/99/99	99:99:99	440	119	470	130	532	62	543
ECOV2-B00206	ECOV2-B	00206	1	0	13.78	1	1112222211111111	00005540	700	50	54245	28823	52	52.000	52	695	50	54267	27802	55	55.000	55	695	50	54221
99/99/99	99:99:99	440	56	470	43	532	46	548
ECOV2-B00206	ECOV2-B	00206	2	0	13.78	1	1112222211111111	00005540	700	51	54247	28861	51	51.000	51	695	49	54268	27836	55	55.000	55	695	50	54222
99/99/99	99:99:99	695	51	700	63	460	50	542
99/99/99	99:99:99	440	59	470	144	532	24	547
ECOV2-B00206	ECOV2-B	00206	3	0	13.78	1	1112222211111111	00005540	700	50	54247	28891	52	52.000	52	695	50	54269	27857	52	52.000	52	695	50	54223
99/99/99	99:99:99	695	48	700	64	460	50	541
99/99/99	99:99:99	440	61	470	139	532	3	547
ECOV2-B00206	ECOV2-B	00206	4	0	13.79	1	1112222211111111	00005540	700	50	54248	28900	53	53.000	53	695	50	54269	27879	55	55.000	55	695	50	54223
99/99/99	99:99:99	695	48	700	64	460	50	541
99/99/99	99:99:99	440	54	470	134	532	-14	547
ECOV2-B00206	ECOV2-B	00206	5	0	13.79	1	1112222211111111	00005540	700	51	54249	28912	52	52.000	52	695	50	54269	27898	53	53.000	53	695	50	54222
99/99/99	99:99:99	695	50	700	54	460	50	541
ECOV2-B00206	ECOV2-B	00206	6	0	13.79	1	1112222211111111	00005540	700	50	54250	28923	52	52.000	52	695	50	54270	27904	55	55.000	55	695	50	54223
99/99/99	99:99:99	440	57	470	-1	532	93	547
99/99/99	99:99:99	695	50	700	68	460	50	541
ECOV2-B00206	ECOV2-B	00206	7	0	13.78	1	1112222211111111	00005540	700	50	54248	28919	53	53.000	53	695	49	54268	27902	53	53.000	53	695	50	54223
99/99/99	99:99:99	440	55	470	31	532	70	547
99/99/99	99:99:99	695	48	700	51	460	50	541
ECOV2-B00206	ECOV2-B	00206	8	0	13.80	1	1112222211111111	00005540	700	50	54245	28917	52	52.000	52	695	50	54268	27885	53	53.000	53	695	50	54222
99/99/99	99:99:99	440	57	470	45	532	55	547
99/99/99	99:99:99	695	49	700	65	460	50	541
ECOV2-B00206	ECOV2-B	00206	9	0	13.80	1	1112222211111111	00005540	700	50	54248	28927	54	54.000	54	695	51	54269	27915	55	55.000	55	695	50	54223
99/99/99	99:99:99	440	57	470	74	532	18	546
99/99/99	99:99:99	695	43	700	57	460	50	540
ECOV2-B00206	ECOV2-B	00206	10	0	13.80	1	1112222211111111	00005540	700	51	54250	28938	52	52.000	52	695	51	54270	27910	55	55.000	55	695	49	54223
99/99/99	99:99:99	440	56	470	84	532	-16	546
ECOV2-B00206	ECOV2-B	00206	11	0	13.80	1	1112222211111111	00005540	700	50	54249	28936	53	53.000	53	695	50	54270	27912	53	53.000	53	695	50	54223
99/99/99	99:99:99	695	46	700	60	460	50	541
99/99/99	99:99:99	440	52	470	31	532	85	546
ECOV2-B00206	ECOV2-B	00206	12	0	13.80	1	1112222211111111	00005540	700	50	54247	28939	52	52.000	52	695	50	54270	27916	53	53.000	53	695	50	54223
99/99/99	99:99:99	695	49	700	60	460	50	540
99/99/99	99:99:99	440	57	470	25	532	131	546
ECOV2-B00206	ECOV2-B	00206	13	0	13.81	1	1112222211111111	00005540	700	50	54249	28948	53	53.000	53	695	50	54270	27926	54	54.000	54	695	50	54223
99/99/99	99:99:99	695	49	700	59	460	50	540
99/99/99	99:99:99	440	56	470	32	532	146	546
ECOV2-B00206	ECOV2-B	00206	14	0	13.81	1	1112222211111111	00005540	700	50	54247	28945	52	52.000	52	695	50	54271	27918	52	52.000	52	695	50	54223
99/99/99	99:99:99	695	42	700	63	460	50	540
99/99/99	99:99:99	440	58	470	41	532	150	546
ECOV2-B00206	ECOV2-B	00206	15	0	13.81	1	1112222211111111	00005540	700	50	54248	28959	52	52.000	52	695	49	54270	27925	53	53.000	53	695	51	54223
99/99/99	99:99:99	695	46	700	63	460	50	540
99/99/99	99:99:99	440	61	470	45	532	157	546
ECOV2-B00206	ECOV2-B	00206	16	0	13.80	1	1112222211111111	00005540	700	50	54248	28950	52	52.000	52	695	50	54270	27922	52	52.000	52	695	50	54222
99/99/99	99:99:99	440	61	470	48	532	149	546
99/99/99	99:99:99	695	48	700	62	460	50	540
ECOV2-B00206	ECOV2-B	00206	17	0	13.81	1	1112222211111111	00005540	700	50	54249	28952	52	52.000	52	695	50	54270	27915	53	53.000	53	695	50	54223
99/99/99	99:99:99	440	56	470	53	532	137	546
99/99/99	99:99:99	695	47	700	58	460	50	540
ECOV2-B00206	ECOV2-B	00206	18	0	13.80	1	1112222211111111	00005540	700	50	54250	28961	54	54.000	54	695	49	54270	27925	54	54.000	54	695	49	54223
99/99/99	99:99:99	440	59	470	47	532	40	546
ECOV2-B00206	ECOV2-B	00206	19	0	13.81	1	1112222211111111	00005540	700	50	54249	28956	52	52.000	52	695	50	54269	27927	53	53.000	53	695	49	54223
99/99/99	99:99:99	695	50	700	61	460	50	540
99/99/99	99:99:99	440	68	470	49	532	82	546
ECOV2-B00206	ECOV2-B	00206	20	0	13.80	1	1112222211111111	00005540	700	50	54248	28966	52	52.000	52	695	50	54270	27926	54	54.000	54	695	50	54223
99/99/99	99:99:99	695	47	700	58	460	50	540
ECOV2-B00206	ECOV2-B	00206	21	0	13.81	1	1112222211111111	00005540	700	50	54249	28962	53	53.000	53	695	50	54270	27930	54	54.000	54	695	50	54223
99/99/99	99:99:99	440	51	470	47	532	28	546
99/99/99	99:99:99	695	55	700	56	460	50	540
ECOV2-B00206	ECOV2-B	00206	22	0	13.81	1	1112222211111111	00005540	700	50	54248	28965	51	51.000	51	695	50	54270	27933	53	53.000	53	695	50	54223
99/99/99	99:99:99	440	53	470	46	532	100	546
99/99/99	99:99:99	695	47	700	57	460	50	540
ECOV2-B00206	ECOV2-B	00206	23	0	13.81	1	1112222211111111	00005540	700	50	54248	28967	53	53.000	53	695	49	54269	27934	54	54.000	54	695	49	54223
99/99/99	99:99:99	440	71	470	46	532	65	546
99/99/99	99:99:99	695	45	700	67	460	50	540
ECOV2-B00206	ECOV2-B	00206	24	0	13.82	1	1112222211111111	00005540	700	50	54248	28962	51	51.000	51	695	49	54269	27925	54	54.000	54	695	50	54223
99/99/99	99:99:99	440	53	470	46	532	33	546
99/99/99	99:99:99	695	46	700	63	460	50	540
ECOV2-B00206	ECOV2-B	00206	25	0	13.81	1	1112222211111111	00005540	700	50	54249	28954	53	53.000	53	695	51	54270	27940	56	56.000	56	695	50	54223
99/99/99	99:99:99	440	69	470	47	532	58	546
99/99/99	99:99:99	695	46	700	66	460	50	540
ECOV2-B00206	ECOV2-B	00206	26	0	13.82	1	1112222211111111	00005540	700	50	54248	28961	54	54.000	54	695	50	54270	27936	53	53.000	53	695	49	54223
99/99/99	99:99:99	440	27	470	52	532	20	546
99/99/99	99:99:99	695	42	700	62	460	50	540
ECOV2-B00206	ECOV2-B	00206	27	0	13.81	1	1112222211111111	00005540	700	50	54247	28961	52	52.000	52	695	50	54270	27936	53	53.000	53	695	50	54223
99/99/99	99:99:99	440	53	470	48	532	50	546
ECOV2-B00206	ECOV2-B	00206	28	0	13.82	1	1112222211111111	00005540	700	50	54249	28965	52	52.000	52	695	50	54270	27938	52	52.000	52	695	51	54223
99/99/99	99:99:99	695	49	700	60	460	50	540
99/99/99	99:99:99	440	12	470	50	532	28	546
ECOV2-B00206	ECOV2-B	00206	29	0	13.81	1	1112222211111111	00005540	700	50	54248	28970	53	53.000	53	695	50	54270	27922	54	54.000	54	695	49	54223
99/99/99	99:99:99	695	49	700	63	460	50	540
99/99/99	99:99:99	440	42	470	49	532	39	546
ECOV2-B00206	ECOV2-B	00206	30	0	13.82	1	1112222211111111	00005540	700	50	54248	28961	52	52.000	52	695	50	54270	27925	53	53.000	53	695	49	54223
99/99/99	99:99:99	695	47	700	58	460	50	540
99/99/99	99:99:99	440	126	470	51	532	80	546
ECOV2-B00206	ECOV2-B	00206	31	0	13.82	1	1112222211111111	00005540	700	50	54248	28967	53	53.000	53	695	48	54270	27937	54	54.000	54	695	50	54223
99/99/99	99:99:99	695	42	700	68	460	50	540
99/99/99	99:99:99	440	58	470	46	532	63	546
ECOV2-B00206	ECOV2-B	00206	32	0	13.82	1	1112222211111111	00005540	700	50	54248	28963	53	53.000	53	695	50	54270	27932	53	53.000	53	695	50	54223
99/99/99	99:99:99	695	48	700	63	460	50	540
99/99/99	99:99:99	440	30	470	46	532	41	546
ECOV2-B00206	ECOV2-B	00206	33	0	13.82	1	1112222211111111	00005540	700	50	54249	28974	53	53.000	53	695	49	54269	27936	54	54.000	54	695	49	54223
99/99/99	99:99:99	695	49	700	65	460	50	540
99/99/99	99:99:99	440	114	470	43	532	69	546
ECOV2-B00206	ECOV2-B	00206	34	0	13.82	1	1112222211111111	00005540	700	50	54249	28967	51	51.000	51	695	50	54271	27932	54	54.000	54	695	51	54223
99/99/99	99:99:99	695	41	700	61	460	50	540
99/99/99	99:99:99	440	95	470	50	532	69	546
ECOV2-B00206	ECOV2-B	00206	35	0	13.82	1	1112222211111111	00005540	700	51	54250	28964	53	53.000	53	695	50	54271	27937	53	53.000	53	695	50	54223
99/99/99	99:99:99	695	48	700	59	460	50	540
99/99/99	99:99:99	440	49	470	47	532	68	546
ECOV2-B00206	ECOV2-B	00206	36	0	13.81	1	1112222211111111	00005540	700	51	54250	28966	53	53.000	53	695	50	54271	27948	52	52.000	52	695	51	54223
ECOV2-B00206	ECOV2-B	00206	37	0	13.82	1	1112222211111111	00005540	700	50	54250	28979	53	53.000	53	695	50	54270	27939	54	54.000	54	695	50	54223
99/99/99	99:99:99	695	46	700	63	460	50	540
99/99/99	99:99:99	440	78	470	50	532	79	546
ECOV2-B00206	ECOV2-B	00206	38	0	13.82	1	1112222211111111	00005540	700	50	54249	28971	53	53.000	53	695	50	54271	27934	53	53.000	53	695	50	54223
99/99/99	99:99:99	440	-9	470	55	532	42	546
99/99/99	99:99:99	695	47	700	67	460	50	540
ECOV2-B00206	ECOV2-B	00206	39	0	13.82	1	1112222211111111	00005540	700	50	54249	28979	51	51.000	51	695	50	54270	27937	53	53.000	53	695	50	54223
99/99/99	99:99:99	440	26	470	54	532	27	546
99/99/99	99:99:99	695	46	700	56	460	50	540
ECOV2-B00206	ECOV2-B	00206	40	0	13.82	1	1112222211111111	00005540	700	50	54249	28965	53	53.000	53	695	50	54271	27929	55	55.000	55	695	50	54222
99/99/99	99:99:99	440	-8	470	50	532	36	546
99/99/99	99:99:99	695	45	700	59	460	50	540
ECOV2-B00206	ECOV2-B	00206	41	0	13.82	1	1112222211111111	00005540	700	51	54249	28974	52	52.000	52	695	50	54270	27933	53	53.000	53	695	50	54223
99/99/99	99:99:99	440	53	470	41	532	34	545
99/99/99	99:99:99	695	47	700	57	460	50	540
ECOV2-B00206	ECOV2-B	00206	42	0	13.82	1	1112222211111111	00005540	700	50	54250	28969	52	52.000	52	695	50	54270	27937	54	54.000	54	695	49	54224
99/99/99	99:99:99	440	38	470	51	532	30	546
99/99/99	99:99:99	695	48	700	69	460	50	540
ECOV2-B00206	ECOV2-B	00206	43	0	13.82	1	1112222211111111	00005540	700	50	54249	28975	54	54.000	54	695	50	54270	27935	53	53.000	53	695	50	54223
99/99/99	99:99:99	440	22	470	56	532	32	545
99/99/99	99:99:99	695	46	700	68	460	50	540
ECOV2-B00206	ECOV2-B	00206	44	0	13.83	1	1112222211111111	00005540	700	50	54249	28969	54	54.000	54	695	50	54270	27928	53	53.000	53	695	50	54223
@ECOV2-B00206	ECOV2-B	00206	1	0	13.76	1	1112222211111111	00005540	700	51	54242	28799	53	53.000	53	695	50	54263	27775	53	53.000	53	695	50	54221
99/99/99	99:99:99	440	59	470	-26	532	50	550
ECOV2-B00206	ECOV2-B	00206	2	0	13.77	1	1112222211111111	00005540	700	51	54243	28841	51	51.000	51	695	50	54267	27821	54	54.000	54	695	50	54222
99/99/99	99:99:99	695	49	700	56	460	50	545
99/99/99	99:99:99	440	59	470	-10	532	21	550
ECOV2-B00206	ECOV2-B	00206	3	0	13.78	1	1112222211111111	00005540	700	50	54247	28868	53	53.000	53	695	50	54268	27844	55	55.000	55	695	50	54223
99/99/99	99:99:99	695	40	700	64	460	50	544
99/99/99	99:99:99	440	55	470	132	532	14	549
ECOV2-B00206	ECOV2-B	00206	4	0	13.78	1	1112222211111111	00005540	700	50	54246	28880	52	52.000	52	695	50	54267	27849	54	54.000	54	695	50	54222
99/99/99	99:99:99	695	46	700	70	460	50	544
99/99/99	99:99:99	440	56	470	135	532	-22	549
ECOV2-B00206	ECOV2-B	00206	5	0	13.78	1	1112222211111111	00005540	700	50	54247	28892	53	53.000	53	695	50	54267	27858	54	54.000	54	695	50	54222
99/99/99	99:99:99	695	45	700	62	460	50	544
ECOV2-B00206	ECOV2-B	00206	6	0	13.79	1	1112222211111111	00005540	700	50	54246	28897	54	54.000	54	695	50	54269	27881	53	53.000	53	695	50	54222
99/99/99	99:99:99	440	49	470	42	532	52	549
99/99/99	99:99:99	695	39	700	65	460	50	544
ECOV2-B00206	ECOV2-B	00206	7	0	13.78	1	1112222211111111	00005540	700	50	54244	28903	52	52.000	52	695	50	54267	27878	52	52.000	52	695	50	54222
99/99/99	99:99:99	440	58	470	14	532	50	549
99/99/99	99:99:99	695	51	700	69	460	50	544
ECOV2-B00206	ECOV2-B	00206	8	0	13.79	1	1112222211111111	00005540	700	51	54245	28903	54	54.000	54	695	50	54268	27881	54	54.000	54	695	50	54222
99/99/99	99:99:99	440	54	470	14	532	136	548
99/99/99	99:99:99	695	45	700	66	460	50	543
ECOV2-B00206	ECOV2-B	00206	9	0	13.79	1	1112222211111111	00005540	700	50	54245	28916	51	51.000	51	695	50	54268	27889	55	55.000	55	695	50	54222
99/99/99	99:99:99	440	53	470	7	532	120	549
99/99/99	99:99:99	695	50	700	68	460	50	543
ECOV2-B00206	ECOV2-B	00206	10	0	13.79	1	1112222211111111	00005540	700	50	54247	28920	51	51.000	51	695	50	54268	27888	53	53.000	53	695	50	54223
99/99/99	99:99:99	440	52	470	22	532	121	548
ECOV2-B00206	ECOV2-B	00206	11	0	13.79	1	1112222211111111	00005540	700	51	54243	28909	54	54.000	54	695	50	54267	27885	54	54.000	54	695	50	54221
99/99/99	99:99:99	695	51	700	66	460	50	543
99/99/99	99:99:99	440	51	470	60	532	136	548
ECOV2-B00206	ECOV2-B	00206	12	0	13.79	1	1112222211111111	00005540	700	50	54245	28916	53	53.000	53	695	50	54265	27892	53	53.000	53	695	50	54221
99/99/99	99:99:99	695	42	700	64	460	50	543
99/99/99	99:99:99	440	64	470	43	532	123	548
ECOV2-B00206	ECOV2-B	00206	13	0	13.81	1	1112222211111111	00005540	700	50	54246	28928	53	53.000	53	695	50	54268	27901	52	52.000	52	695	50	54222
99/99/99	99:99:99	695	46	700	56	460	50	543
99/99/99	99:99:99	440	61	470	41	532	128	548
ECOV2-B00206	ECOV2-B	00206	14	0	13.80	1	1112222211111111	00005540	700	50	54244	28926	53	53.000	53	695	50	54268	27904	51	51.000	51	695	50	54222
99/99/99	99:99:99	695	47	700	66	460	50	543
99/99/99	99:99:99	440	62	470	36	532	118	548
ECOV2-B00206	ECOV2-B	00206	15	0	13.81	1	1112222211111111	00005540	700	51	54246	28935	52	52.000	52	695	49	54269	27896	53	53.000	53	695	50	54222
99/99/99	99:99:99	695	45	700	64	460	50	543
99/99/99	99:99:99	440	58	470	37	532	112	548
ECOV2-B00206	ECOV2-B	00206	16	0	13.80	1	1112222211111111	00005540	700	50	54246	28935	53	53.000	53	695	50	54269	27900	53	53.000	53	695	50	54222
99/99/99	99:99:99	440	51	470	31	532	86	548
99/99/99	99:99:99	695	46	700	62	460	50	543
ECOV2-B00206	ECOV2-B	00206	17	0	13.80	1	1112222211111111	00005540	700	50	54245	28933	52	52.000	52	695	50	54266	27894	54	54.000	54	695	50	54221
99/99/99	99:99:99	440	60	470	35	532	38	548
99/99/99	99:99:99	695	49	700	64	460	50	543
ECOV2-B00206	ECOV2-B	00206	18	0	13.80	1	1112222211111111	00005540	700	50	54246	28937	53	53.000	53	695	50	54269	27899	55	55.000	55	695	50	54223
99/99/99	99:99:99	440	61	470	29	532	58	548
ECOV2-B00206	ECOV2-B	00206	19	0	13.80	1	1112222211111111	00005540	700	50	54247	28933	52	52.000	52	695	51	54268	27905	53	53.000	53	695	50	54222
99/99/99	99:99:99	695	48	700	64	460	50	543
99/99/99	99:99:99	440	59	470	42	532	36	548
ECOV2-B00206	ECOV2-B	00206	20	0	13.80	1	1112222211111111	00005540	700	50	54246	28942	53	53.000	53	695	50	54269	27898	51	51.000	51	695	50	54223
99/99/99	99:99:99	695	47	700	58	460	50	543
ECOV2-B00206	ECOV2-B	00206	21	0	13.80	1	1112222211111111	00005540	700	50	54247	28939	54	54.000	54	695	49	54268	27907	52	52.000	52	695	50	54222
99/99/99	99:99:99	440	67	470	41	532	48	548
99/99/99	99:99:99	695	45	700	63	460	50	543
ECOV2-B00206	ECOV2-B	00206	22	0	13.81	1	1112222211111111	00005540	700	50	54247	28947	51	51.000	51	695	50	54268	27901	53	53.000	53	695	49	54222
99/99/99	99:99:99	440	67	470	39	532	59	548
99/99/99	99:99:99	695	50	700	62	460	50	543
ECOV2-B00206	ECOV2-B	00206	23	0	13.80	1	1112222211111111	00005540	700	50	54246	28946	52	52.000	52	695	50	54269	27914	52	52.000	52	695	50	54223
99/99/99	99:99:99	440	57	470	41	532	54	548
99/99/99	99:99:99	695	50	700	56	460	50	543
ECOV2-B00206	ECOV2-B	00206	24	0	13.81	1	1112222211111111	00005540	700	50	54249	28945	53	53.000	53	695	50	54269	27912	54	54.000	54	695	50	54222
99/99/99	99:99:99	440	48	470	43	532	34	548
99/99/99	99:99:99	695	45	700	57	460	50	543
ECOV2-B00206	ECOV2-B	00206	25	0	13.81	1	1112222211111111	00005540	700	50	54247	28943	54	54.000	54	695	50	54268	27909	53	53.000	53	695	50	54222
99/99/99	99:99:99	440	89	470	37	532	93	548
99/99/99	99:99:99	695	43	700	63	460	50	543
ECOV2-B00206	ECOV2-B	00206	26	0	13.82	1	1112222211111111	00005540	700	50	54247	28949	50	50.000	50	695	50	54269	27909	53	53.000	53	695	50	54223
99/99/99	99:99:99	440	96	470	37	532	88	548
99/99/99	99:99:99	695	50	700	67	460	50	543
ECOV2-B00206	ECOV2-B	00206	27	0	13.80	1	1112222211111111	00005540	700	50	54246	28957	54	54.000	54	695	50	54270	27909	54	54.000	54	695	50	54222
99/99/99	99:99:99	440	93	470	54	532	79	548
ECOV2-B00206	ECOV2-B	00206	28	0	13.81	1	1112222211111111	00005540	700	51	54247	28944	52	52.000	52	695	50	54268	27913	53	53.000	53	695	50	54223
99/99/99	99:99:99	695	43	700	58	460	50	543
99/99/99	99:99:99	440	81	470	43	532	71	548
ECOV2-B00206	ECOV2-B	00206	29	0	13.80	1	1112222211111111	00005540	700	50	54247	28941	52	52.000	52	695	50	54269	27906	55	55.000	55	695	50	54223
99/99/99	99:99:99	695	45	700	61	460	50	543
99/99/99	99:99:99	440	76	470	41	532	61	548
ECOV2-B00206	ECOV2-B	00206	30	0	13.82	1	1112222211111111	00005540	700	51	54248	28947	53	53.000	53	695	50	54269	27910	52	52.000	52	695	49	54223
99/99/99	99:99:99	695	43	700	66	460	50	543
99/99/99	99:99:99	440	54	470	44	532	53	548
ECOV2-B00206	ECOV2-B	00206	31	0	13.81	1	1112222211111111	00005540	700	50	54248	28955	51	51.000	51	695	50	54268	27906	54	54.000	54	695	50	54222
99/99/99	99:99:99	695	47	700	58	460	50	543
99/99/99	99:99:99	440	12	470	52	532	33	548
ECOV2-B00206	ECOV2-B	00206	32	0	13.81	1	1112222211111111	00005540	700	51	54246	28939	53	53.000	53	695	50	54269	27912	55	55.000	55	695	50	54222
99/99/99	99:99:99	695	49	700	61	460	50	543
99/99/99	99:99:99	440	39	470	46	532	46	548
ECOV2-B00206	ECOV2-B	00206	33	0	13.81	1	1112222211111111	00005540	700	50	54246	28956	51	51.000	51	695	49	54269	27920	54	54.000	54	695	50	54222
99/99/99	99:99:99	695	50	700	63	460	50	543
99/99/99	99:99:99	440	124	470	45	532	65	548
ECOV2-B00206	ECOV2-B	00206	34	0	13.82	1	1112222211111111	00005540	700	50	54248	28954	52	52.000	52	695	50	54268	27915	54	54.000	54	695	50	54222
99/99/99	99:99:99	695	44	700	60	460	50	542
99/99/99	99:99:99	440	107	470	45	532	64	548
ECOV2-B00206	ECOV2-B	00206	35	0	13.82	1	1112222211111111	00005540	700	49	54244	28947	53	53.000	53	695	50	54267	27911	54	54.000	54	695	51	54222
99/99/99	99:99:99	695	44	700	54	460	50	543
99/99/99	99:99:99	440	75	470	41	532	76	547
ECOV2-B00206	ECOV2-B	00206	36	0	13.81	1	1112222211111111	00005540	700	50	54248	28950	53	53.000	53	695	50	54269	27917	52	52.000	52	695	50	54223
ECOV2-B00206	ECOV2-B	00206	37	0	13.82	1	1112222211111111	00005540	700	50	54247	28948	53	53.000	53	695	50	54269	27918	53	53.000	53	695	50	54222
99/99/99	99:99:99	695	50	700	59	460	50	542
99/99/99	99:99:99	440	48	470	50	532	74	547
ECOV2-B00206	ECOV2-B	00206	38	0	13.81	1	1112222211111111	00005540	700	50	54248	28955	53	53.000	53	695	50	54269	27919	54	54.000	54	695	50	54224
99/99/99	99:99:99	440	119	470	50	532	66	548
99/99/99	99:99:99	695	48	700	61	460	50	543
ECOV2-B00206	ECOV2-B	00206	39	0	13.82	1	1112222211111111	00005540	700	51	54248	28958	53	53.000	53	695	50	54269	27924	53	53.000	53	695	50	54222
99/99/99	99:99:99	440	41	470	49	532	87	547
99/99/99	99:99:99	695	42	700	61	460	50	543
ECOV2-B00206	ECOV2-B	00206	40	0	13.81	1	1112222211111111	00005540	700	50	54248	28953	52	52.000	52	695	50	54269	27911	54	54.000	54	695	50	54223
99/99/99	99:99:99	440	51	470	50	532	90	547
99/99/99	99:99:99	695	44	700	61	460	50	542
ECOV2-B00206	ECOV2-B	00206	41	0	13.82	1	1112222211111111	00005540	700	50	54246	28946	51	51.000	51	695	50	54269	27906	54	54.000	54	695	50	54222
99/99/99	99:99:99	440	21	470	60	532	8	547
99/99/99	99:99:99	695	47	700	66	460	50	542
ECOV2-B00206	ECOV2-B	00206	42	0	13.82	1	1112222211111111	00005540	700	50	54246	28962	52	52.000	52	695	50	54270	27920	52	52.000	52	695	50	54223
99/99/99	99:99:99	440	3	470	57	532	39	547
99/99/99	99:99:99	695	42	700	61	460	50	543
ECOV2-B00206	ECOV2-B	00206	43	0	13.82	1	1112222211111111	00005540	700	50	54248	28962	54	54.000	54	695	50	54268	27919	54	54.000	54	695	50	54222
99/99/99	99:99:99	440	26	470	63	532	57	547
99/99/99	99:99:99	695	50	700	60	460	50	542
ECOV2-B00206	ECOV2-B	00206	44	0	13.82	1	1112222211111111	00005540	700	50	54247	28961	54	54.000	54	695	50	54270	27906	52	52.000	52	695	50	54222
99/99/99	99:99:99	440	18	470	66	532	48	547
ECOV2-B00206	ECOV2-B	00206	45	0	13.82	1	1112222211111111	00005540	700	50	54246	28952	52	52.000	52	695	50	54269	27906	53	53.000	53	695	50	54223
99/99/99	99:99:99	695	49	700	59	460	50	543
99/99/99	99:99:99	440	24	470	76	532	50	547
ECOV2-B00206	ECOV2-B	00206	46	0	13.82	1	1112222211111111	00005540	700	49	54248	28951	56	56.000	56	695	50	54268	27913	52	52.000	52	695	49	54223
99/99/99	99:99:99	695	43	700	68	460	50	542
99/99/99	99:99:99	440	13	470	72	532	37	547
ECOV2-B00206	ECOV2-B	00206	47	0	13.81	1	1112222211111111	00005540	700	50	54248	28963	53	53.000	53	695	49	54271	27916	53	53.000	53	695	50	54224
99/99/99	99:99:99	695	45	700	61	460	50	542
99/99/99	99:99:99	440	28	470	83	532	42	547
ECOV2-B00206	ECOV2-B	00206	48	0	13.82	1	1112222211111111	00005540	700	50	54248	28960	53	53.000	53	695	50	54270	27916	53	53.000	53	695	50	54223
99/99/99	99:99:99	695	52	700	62	460	50	542
99/99/99	99:99:99	440	76	470	86	532	59	547
ECOV2-B00206	ECOV2-B	00206	49	0	13.81	1	1112222211111111	00005540	700	51	54247	28954	52	52.000	52	695	49	54269	27913	55	55.000	55	695	50	54223
99/99/99	99:99:99	695	43	700	61	460	50	542
ECOV2-B00206	ECOV2-B	00206	50	0	13.82	1	1112222211111111	00005540	700	50	54248	28949	54	54.000	54	695	50	54269	27917	54	54.000	54	695	50	54223
99/99/99	99:99:99	440	26	470	90	532	43	547
99/99/99	99:99:99	695	45	700	62	460	50	542
ECOV2-B00206	ECOV2-B	00206	51	0	13.82	1	1112222211111111	00005540	700	50	54247	28960	53	53.000	53	695	49	54269	27925	52	52.000	52	695	50	54223
99/99/99	99:99:99	440	33	470	87	532	45	547
99/99/99	99:99:99	695	48	700	60	460	50	542
ECOV2-B00206	ECOV2-B	00206	52	0	13.82	1	1112222211111111	00005540	700	50	54249	28958	51	51.000	51	695	50	54270	27918	54	54.000	54	695	49	54223
99/99/99	99:99:99	440	55	470	81	532	58	547
99/99/99	99:99:99	695	46	700	65	460	50	542
ECOV2-B00206	ECOV2-B	00206	53	0	13.82	1	1112222211111111	00005540	700	50	54248	28967	53	53.000	53	695	50	54269	27916	53	53.000	53	695	50	54223
99/99/99	99:99:99	440	36	470	98	532	41	547
ECOV2-B00206	ECOV2-B	00206	54	0	13.82	1	1112222211111111	00005540	700	50	54249	28975	52	52.000	52	695	50	54270	27933	53	53.000	53	695	50	54223
99/99/99	99:99:99	695	40	700	63	460	50	542
99/99/99	99:99:99	440	45	470	105	532	51	547
ECOV2-B00206	ECOV2-B	00206	55	0	13.82	1	1112222211111111	00005540	700	50	54248	28959	52	52.000	52	695	50	54270	27924	53	53.000	53	695	50	54223
99/99/99	99:99:99	695	47	700	57	460	50	542
99/99/99	99:99:99	440	45	470	90	532	49	547
ECOV2-B00206	ECOV2-B	00206	56	0	13.81	1	1112222211111111	00005540	700	50	54247	28963	52	52.000	52	695	50	54269	27912	53	53.000	53	695	50	54222
99/99/99	99:99:99	695	49	700	59	460	50	542
99/99/99	99:99:99	440	66	470	84	532	54	547
ECOV2-B00206	ECOV2-B	00206	57	0	13.82	1	1112222211111111	00005540	700	50	54246	28958	52	52.000	52	695	50	54268	27915	54	54.000	54	695	50	54222
99/99/99	99:99:99	695	41	700	60	460	50	542
99/99/99	99:99:99	440	43	470	81	532	48	547
ECOV2-B00206	ECOV2-B	00206	58	0	13.82	1	1112222211111111	00005540	700	50	54246	28958	54	54.000	54	695	50	54269	27908	54	54.000	54	695	49	54223
99/99/99	99:99:99	695	51	700	55	460	50	542
99/99/99	99:99:99	440	53	470	85	532	43	547
ECOV2-B00206	ECOV2-B	00206	59	0	13.82	1	1112222211111111	00005540	700	50	54248	28959	53	53.000	53	695	50	54270	27913	52	52.000	52	695	50	54223
99/99/99	99:99:99	440	57	470	54	532	50	547
99/99/99	99:99:99	695	45	700	57	460	50	542
ECOV2-B00206	ECOV2-B	00206	60	0	13.82	1	1112222211111111	00005540	700	51	54248	28957	52	52.000	52	695	50	54270	27924	53	53.000	53	695	50	54223
99/99/99	99:99:99	440	54	470	57	532	52	547
99/99/99	99:99:99	695	40	700	51	460	50	542
ECOV2-B00206	ECOV2-B	00206	61	0	13.82	1	1112222211111111	00005540	700	50	54247	28955	53	53.000	53	695	49	54270	27915	52	52.000	52	695	50	54223
99/99/99	99:99:99	440	42	470	22	532	54	547
99/99/99	99:99:99	695	47	700	55	460	50	542
ECOV2-B00206	ECOV2-B	00206	62	0	13.82	1	1112222211111111	00005540	700	50	54248	28970	54	54.000	54	695	50	54270	27920	52	52.000	52	695	50	54223
99/99/99	99:99:99	440	-294	470	19	532	23	547
ECOV2-B00206	ECOV2-B	00206	63	0	13.82	1	1112222211111111	00005540	700	50	54249	28962	53	53.000	53	695	50	54269	27924	53	53.000	53	695	49	54223
99/99/99	99:99:99	695	42	700	105	460	50	542
99/99/99	99:99:99	440	150	470	1250	532	-169	547
ECOV2-B00206	ECOV2-B	00206	64	0	13.82	1	1112222211111111	00005540	700	50	54252	28963	53	53.000	53	695	50	54270	27958	52	52.000	52	695	50	54224
99/99/99	99:99:99	695	47	700	103	460	50	542
ECOV2-B00206	ECOV2-B	00206	65	0	13.82	1	1112222211111111	00005540	700	98	54255	28935	572	572.000	572	695	87	54272	28027	466	466.000	466	695	1809	54224
99/99/99	99:99:99	440	-510	470	616	532	5	547
99/99/99	99:99:99	695	47	700	115	460	50	542
ECOV2-B00206	ECOV2-B	00206	66	0	13.82	1	1112222211111111	00005540	700	51	54253	28965	75	75.000	75	695	53	54271	28004	82	82.000	82	695	50	54224
99/99/99	99:99:99	440	1589	470	-638	532	30	547
99/99/99	99:99:99	695	40	700	93	460	50	542
ECOV2-B00206	ECOV2-B	00206	67	0	13.81	1	1112222211111111	00005540	700	50	54246	28958	52	52.000	52	695	50	54269	27920	54	54.000	54	695	50	54223
99/99/99	99:99:99	440	-593	470	585	532	49	547
99/99/99	99:99:99	695	39	700	117	460	50	542
ECOV2-B00206	ECOV2-B	00206	68	0	13.82	1	1112222211111111	00005540	700	50	54248	28960	53	53.000	53	695	50	54270	27917	54	54.000	54	695	50	54223
99/99/99	99:99:99	440	-28	470	143	532	43	547
99/99/99	99:99:99	695	50	700	110	460	50	542
ECOV2-B00206	ECOV2-B	00206	69	0	13.82	1	1112222211111111	00005540	700	50	54248	28976	54	54.000	54	695	50	54271	27935	53	53.000	53	695	50	54223
99/99/99	99:99:99	440	-100	470	192	532	46	547
99/99/99	99:99:99	695	48	700	120	460	50	542
ECOV2-B00206	ECOV2-B	00206	70	0	13.82	1	1112222211111111	00005540	700	50	54249	28961	52	52.000	52	695	50	54270	27908	54	54.000	54	695	50	54223
99/99/99	99:99:99	440	64	470	32	532	56	547
ECOV2-B00206	ECOV2-B	00206	71	0	13.83	1	1112222211111111	00005540	700	50	54248	28968	54	54.000	54	695	49	54269	27927	53	53.000	53	695	50	54223
99/99/99	99:99:99	695	50	700	57	460	50	542
99/99/99	99:99:99	440	65	470	58	532	86	547
ECOV2-B00206	ECOV2-B	00206	72	0	13.82	1	1112222211111111	00005540	700	50	54248	28958	53	53.000	53	695	50	54269	27916	52	52.000	52	695	50	54223
99/99/99	99:99:99	695	249	700	1978	460	393	542
99/99/99	99:99:99	440	103	470	87	532	83	547
ECOV2-B00206	ECOV2-B	00206	73	0	13.82	1	1112222211111111	00005540	700	50	54247	28963	53	53.000	53	695	50	54270	27912	53	53.000	53	695	50	54223
99/99/99	99:99:99	695	100	700	491	460	32	542
99/99/99	99:99:99	440	150	470	105	532	60	546
ECOV2-B00206	ECOV2-B	00206	74	0	13.82	1	1112222211111111	00005540	700	51	54249	28965	63	63.000	63	695	50	54270	27923	52	52.000	52	695	49	54223
99/99/99	99:99:99	695	111	700	194	460	56	542
99/99/99	99:99:99	440	110	470	123	532	61	547
ECOV2-B00206	ECOV2-B	00206	75	0	13.83	1	1112222211111111	00005540	700	64	54252	28962	253	253.000	253	695	63	54272	27998	201	201.000	201	695	50	54224
99/99/99	99:99:99	695	114	700	159	460	55	542
99/99/99	99:99:99	440	110	470	120	532	56	547
ECOV2-B00206	ECOV2-B	00206	76	0	13.82	1	1112222211111111	00005540	700	56	54253	28965	118	118.000	118	695	59	54272	28003	169	169.000	169	695	50	54224
99/99/99	99:99:99	695	115	700	163	460	56	542
99/99/99	99:99:99	440	110	470	119	532	58	547
ECOV2-B00206	ECOV2-B	00206	77	0	13.84	1	1112222211111111	00005540	700	58	54255	28969	152	152.000	152	695	59	54271	28011	163	163.000	163	695	49	54224
99/99/99	99:99:99	695	117	700	163	460	55	542
99/99/99	99:99:99	440	110	470	120	532	56	546
ECOV2-B00206	ECOV2-B	00206	78	0	13.82	1	1112222211111111	00005540	700	58	54254	28971	143	143.000	143	695	59	54272	28019	153	153.000	153	695	50	54224
99/99/99	99:99:99	695	112	700	161	460	54	542
99/99/99	99:99:99	440	111	470	119	532	57	547
ECOV2-B00206	ECOV2-B	00206	79	0	13.84	1	1112222211111111	00005540	700	60	54254	28955	160	160.000	160	695	59	54272	28008	166	166.000	166	695	50	54224
ECOV2-B00206	ECOV2-B	00206	80	0	13.83	1	1112222211111111	00005540	700	59	54255	28964	154	154.000	154	695	59	54272	28011	165	165.000	165	695	50	54224
99/99/99	99:99:99	695	116	700	155	460	54	541
99/99/99	99:99:99	440	111	470	119	532	57	547
ECOV2-B00206	ECOV2-B	00206	81	0	13.83	1	1112222211111111	00005540	700	59	54254	28969	159	159.000	159	695	61	54271	28011	175	175.000	175	695	50	54225
99/99/99	99:99:99	440	112	470	120	532	53	547
99/99/99	99:99:99	695	115	700	155	460	54	541
ECOV2-B00206	ECOV2-B	00206	82	0	13.83	1	1112222211111111	00005540	700	59	54254	28958	163	163.000	163	695	58	54272	28020	165	165.000	165	695	49	54224
99/99/99	99:99:99	440	109	470	117	532	51	547
99/99/99	99:99:99	695	117	700	163	460	55	541
ECOV2-B00206	ECOV2-B	00206	83	0	13.84	1	1112222211111111	00005540	700	59	54255	28964	165	165.000	165	695	58	54272	28012	159	159.000	159	695	50	54224
99/99/99	99:99:99	440	111	470	120	532	53	546
99/99/99	99:99:99	695	115	700	149	460	56	541
ECOV2-B00206	ECOV2-B	00206	84	0	13.83	1	1112222211111111	00005540	700	59	54254	28954	166	166.000	166	695	59	54272	28014	161	161.000	161	695	50	54225
99/99/99	99:99:99	440	112	470	122	532	57	546
99/99/99	99:99:99	695	114	700	158	460	58	541
ECOV2-B00206	ECOV2-B	00206	85	0	13.82	1	1112222211111111	00005540	700	59	54254	28968	161	161.000	161	695	59	54272	28027	168	168.000	168	695	49	54224
99/99/99	99:99:99	440	115	470	125	532	60	546
99/99/99	99:99:99	695	113	700	154	460	57	541
ECOV2-B00206	ECOV2-B	00206	86	0	13.83	1	1112222211111111	00005540	700	59	54255	28960	166	166.000	166	695	60	54272	28007	167	167.000	167	695	50	54225
99/99/99	99:99:99	440	113	470	122	532	56	547
99/99/99	99:99:99	695	112	700	153	460	58	541
ECOV2-B00206	ECOV2-B	00206	87	0	13.82	1	1112222211111111	00005540	700	59	54254	28972	165	165.000	165	695	61	54272	28018	173	173.000	173	695	51	54224
99/99/99	99:99:99	440	110	470	123	532	58	546
99/99/99	99:99:99	695	114	700	150	460	57	541
ECOV2-B00206	ECOV2-B	00206	88	0	13.84	1	1112222211111111	00005540	700	60	54255	28958	166	166.000	166	695	61	54272	28010	174	174.000	174	695	50	54225
99/99/99	99:99:99	440	112	470	124	532	57	546
ECOV2-B00206	ECOV2-B	00206	89	0	13.83	1	1112222211111111	00005540	700	59	54254	28968	161	161.000	161	695	60	54272	28034	172	172.000	172	695	50	54224
99/99/99	99:99:99	695	117	700	152	460	59	541
99/99/99	99:99:99	440	114	470	124	532	59	546
ECOV2-B00206	ECOV2-B	00206	90	0	13.83	1	1112222211111111	00005540	700	59	54255	28968	171	171.000	171	695	62	54272	28025	175	175.000	175	695	50	54224
99/99/99	99:99:99	695	116	700	162	460	61	541
99/99/99	99:99:99	440	115	470	123	532	56	546
ECOV2-B00206	ECOV2-B	00206	91	0	13.84	1	1112222211111111	00005540	700	61	54255	28968	170	170.000	170	695	60	54272	28026	185	185.000	185	695	50	54224
99/99/99	99:99:99	695	114	700	163	460	59	541
99/99/99	99:99:99	440	113	470	123	532	58	546
ECOV2-B00206	ECOV2-B	00206	92	0	13.83	1	1112222211111111	00005540	700	60	54255	28964	172	172.000	172	695	60	54272	28001	177	177.000	177	695	50	54224
99/99/99	99:99:99	695	117	700	159	460	59	541
99/99/99	99:99:99	440	117	470	127	532	57	546
ECOV2-B00206	ECOV2-B	00206	93	0	13.83	1	1112222211111111	00005540	700	61	54254	28965	176	176.000	176	695	63	54272	28017	183	183.000	183	695	50	54225
99/99/99	99:99:99	695	121	700	156	460	60	541
ECOV2-B00206	ECOV2-B	00206	94	0	13.82	1	1112222211111111	00005540	700	62	54254	28961	178	178.000	178	695	62	54272	28012	185	185.000	185	695	49	54224
99/99/99	99:99:99	440	115	470	129	532	60	546
99/99/99	99:99:99	695	132	700	170	460	61	541
ECOV2-B00206	ECOV2-B	00206	95	0	13.83	1	1112222211111111	00005540	700	60	54254	28968	178	178.000	178	695	62	54272	28010	191	191.000	191	695	49	54224
99/99/99	99:99:99	440	116	470	131	532	57	546
99/99/99	99:99:99	695	126	700	177	460	61	541
ECOV2-B00206	ECOV2-B	00206	96	0	13.83	1	1112222211111111	00005540	700	62	54255	28965	182	182.000	182	695	62	54272	28005	199	199.000	199	695	50	54225
99/99/99	99:99:99	440	117	470	134	532	60	546
ECOV2-B00206	ECOV2-B	00206	97	0	13.84	1	1112222211111111	00005540	700	61	54254	28955	179	179.000	179	695	61	54272	28011	191	191.000	191	695	49	54224
99/99/99	99:99:99	695	126	700	156	460	57	541
99/99/99	99:99:99	440	120	470	134	532	59	546
ECOV2-B00206	ECOV2-B	00206	98	0	13.82	1	1112222211111111	00005540	700	62	54254	28964	183	183.000	183	695	62	54272	28014	194	194.000	194	695	49	54224
99/99/99	99:99:99	695	126	700	158	460	53	541
99/99/99	99:99:99	440	121	470	131	532	59	546
ECOV2-B00206	ECOV2-B	00206	99	0	13.84	1	1112222211111111	00005540	700	61	54254	28956	174	174.000	174	695	62	54271	28010	186	186.000	186	695	50	54224
99/99/99	99:99:99	695	123	700	154	460	54	541
99/99/99	99:99:99	440	119	470	131	532	59	546
ECOV2-B00206	ECOV2-B	00206	100	0	13.83	1	1112222211111111	00005540	700	60	54254	28964	184	184.000	184	695	62	54272	28015	186	186.000	186	695	50	54225
99/99/99	99:99:99	695	124	700	159	460	60	541
99/99/99	99:99:99	440	117	470	132	532	61	546
ECOV2-B00206	ECOV2-B	00206	101	0	13.82	1	1112222211111111	00005540	700	61	54254	28966	186	186.000	186	695	62	54272	28020	189	189.000	189	695	50	54225
99/99/99	99:99:99	440	119	470	134	532	63	546
99/99/99	99:99:99	695	127	700	169	460	61	541
ECOV2-B00206	ECOV2-B	00206	102	0	13.84	1	1112222211111111	00005540	700	61	54254	28972	183	183.000	183	695	63	54272	28017	190	190.000	190	695	50	54225
99/99/99	99:99:99	440	118	470	129	532	59	546
99/99/99	99:99:99	695	122	700	158	460	58	541
ECOV2-B00206	ECOV2-B	00206	103	0	13.84	1	1112222211111111	00005540	700	62	54255	2894
