pres,second,fluo_ctd,fluo_440,fluo_470,fluo_532,fluo_flbb,bb700,bb460,cstarat
NA,43941,NA,NA,NA,NA,NA,NA,NA,NA
2.922400000000256,43942,0.12229880000002741,NA,NA,NA,NA,NA,NA,0.14843109999999943
3.100974999999984,43943,0.13842359999999462,NA,NA,NA,NA,NA,NA,0.14935460000000167
2.8988349999997665,43944,0.07214049999992347,NA,NA,NA,NA,NA,NA,0.14976639999999897
2.71566399999999,43945,0.0011976999999831605,NA,NA,NA,NA,NA,NA,0.14873949999999966
2.9148370000002544,43946,0.013451700000030542,NA,NA,NA,NA,NA,NA,0.14839579999999986
3.1320920000000334,43947,0.08162700000005571,NA,NA,NA,NA,NA,NA,0.14861260000000037
2.9564149999997533,43948,0.1421081000000231,NA,NA,NA,NA,NA,NA,0.14853529999999956
2.725109999999942,43949,0.14970939999998809,NA,NA,NA,NA,NA,NA,0.1483563000000002
2.862787000000222,43950,0.14267560000000232,NA,NA,NA,NA,NA,NA,0.14808319999999947
3.072243000000053,43951,0.14580670000000173,NA,NA,NA,NA,NA,NA,0.14822100000000063
2.987480999999847,43952,0.13527329999998547,NA,NA,NA,NA,NA,NA,0.14875210000000005
2.877168000000005,43953,0.11825219999999245,NA,NA,NA,NA,NA,NA,0.14916470000000043
2.8580759999999716,43954,0.12354100000001345,NA,NA,NA,NA,NA,NA,0.14856219999999884
2.9193180000001013,43955,0.14568720000001484,NA,NA,NA,NA,NA,NA,0.1478563000000002
3.0549150000000735,43956,0.1568,NA,NA,NA,NA,NA,NA,0.1476873999999996
2.9370279999997875,43957,0.1569563000000002,NA,NA,NA,NA,NA,NA,0.14745210000000006
2.783210000000006,43958,0.15063959999999205,NA,NA,NA,NA,NA,NA,0.14723949999999966
2.9812910000002373,43959,0.12412049999997471,NA,NA,NA,NA,NA,NA,0.1468436999999998
3.0521949999998688,43960,0.09285229999998483,NA,NA,NA,NA,NA,NA,0.14696050000000033
2.800304999999811,43961,0.09155530000001236,NA,NA,NA,NA,NA,NA,0.1470436999999998
2.8106110000001863,43962,0.12403660000002856,NA,NA,NA,NA,NA,NA,0.14632689999999932
3.0833760000001638,43963,0.15071420000000652,NA,NA,NA,NA,NA,NA,0.14715460000000166
3.0491789999998073,43964,0.13449949999997407,NA,NA,NA,NA,NA,NA,0.14850420000000014
2.7622459999998243,43965,0.09066509999996997,NA,NA,NA,NA,NA,NA,0.14865210000000006
2.7154020000001036,43966,0.08893580000002549,NA,NA,NA,NA,NA,NA,0.14890840000000027
2.9722240000002205,43967,0.14764810000004874,NA,NA,NA,NA,NA,NA,0.1492563000000002
3.111470999999969,43968,0.16544819999997706,NA,NA,NA,NA,NA,NA,0.15012940000000088
2.8889779999997556,43969,0.13949509999998916,NA,NA,NA,NA,NA,NA,0.1504873999999996
2.6674459999999525,43970,0.13952760000000997,NA,NA,NA,NA,NA,NA,0.14978319999999948
2.8513410000002697,43971,0.13355819999998347,NA,NA,NA,NA,NA,NA,0.14919159999999973
3.10978900000007,43972,0.11390599999999104,NA,NA,NA,NA,NA,NA,0.14967730000000082
2.970792999999765,43973,0.10464709999999687,173.54545454545453,59.22727272727273,55.18181818181818,52.6,360.3,59.8,0.15024789999999993
2.728311999999918,43974,0.108812500000008,176,61,37,52,361,43,0.14973109999999942
2.824863000000194,43975,0.10281699999998528,168,71,47,53,358,56,0.1493
3.078889000000134,43976,0.08148419999998732,174,66.5,49.5,50,360,47,0.1498731000000007
3.0435399999998336,43977,0.08163850000001184,180,62,52,55,359,73,0.15019159999999973
2.7991699999998527,43978,0.08013209999998726,181,54,58,51,360,58,0.15005210000000008
2.7895530000001236,43979,0.09472230000002965,173,56,55,55,358,70,0.14983949999999968
2.982032000000123,43980,0.12726790000001276,174,39,47,52.5,360,69.5,0.1503294000000009
3.037529999999955,43981,0.14992920000001614,177,54,54,50,362,69,0.1511563000000002
2.933664999999914,43982,0.1582487999999954,183,56,51,56,359,45,0.15150840000000027
2.7783459999998885,43983,0.1576655000000035,181,58,54,53,358,52,0.15112689999999931
2.8158720000001485,43984,0.14831699999998527,182,59,50,51,363,60,0.1501831999999995
3.054124000000156,43985,0.12682789999998714,170,67,61,56,358,74,0.15011260000000037
2.9834399999997694,43986,0.11506389999999737,177,59,55,50,356,65,0.1502436999999998
2.7172199999998847,43987,0.12925100000001985,184,53,81,50,370,37,0.14931849999999905
2.8055350000002144,43988,0.1369622999999912,176,72,71,52,354,57,0.1486
3.041024000000092,43989,0.1215429999999891,179,53,66,50.5,354.5,53.5,0.1491731000000007
2.9849599999998464,43990,0.10146909999998534,165,48,47,49,355,50,0.1497
2.830924999999952,43991,0.10889130000002259,163,75,51,59,357,67,0.14938739999999961
2.847100000000064,43992,0.1297075000000048,164.5,69.5,56,55,359,62,0.1491
3.0044100000001346,43993,0.13710330000000467,166,64,61,54,362,49,0.14920420000000012
3.2430650000001697,43994,0.13387909999999176,171,59,51,52,355,47,0.14976890000000057
3.3283199999999487,43995,0.11978079999999028,175,59,59,50,358,68,0.15014789999999995
3.3337640000000537,43996,0.11661590000000506,169,64,50,50,356,50,0.14947479999999924
3.6214750000003044,43997,0.11842019999999756,180,53,62,50,360,38,0.1490563000000002
4.11731500000033,43998,0.10982699999999167,179,58,54,51,360,38.5,0.14956470000000044
4.596887000000286,43999,0.10709070000000429,173,59,56,52,360,39,0.1497436999999998
5.0449290000002875,44000,0.123325000000016,174,67,54,51,365,50,0.1499126000000004
5.598129000000416,44001,0.1313924999999952,185,60,60,52,360,48,0.14957479999999923
6.28307800000046,44002,0.12540339999999706,176,65,52,53,360,67,0.14936470000000043
6.898441000000333,44003,0.12194959999999846,182,64,56,53,365,71,0.1506899000000012
7.446012000000366,44004,0.11840339999999705,177,60,60,56,359,61,0.15144369999999982
8.127943000000501,44005,0.11885710000000327,176,63,59,51,357,61,0.15234200000000128
8.808306000000375,44006,0.11853869999999661,181,66,54,53.5,360.5,59.5,0.15507140000000216
9.34168500000031,44007,0.11417649999999777,181,62,58,56,364,58,0.1570126000000004
9.999136000000522,44008,0.11187479999999923,180,62.5,58.5,56,360,63,0.1571436999999998
10.751053000000445,44009,0.11525960000000486,179,63,59,55,358,58,0.15783360000000102
11.216897000000165,44010,0.12129660000000295,180,67,54,54,360,59,0.1582873999999996
11.678650000000417,44011,0.13350320000001228,182,67,56,58,353,59,0.15758319999999948
12.525588000000658,44012,0.1425436999999998,179,66,58,56,344,60,0.15746050000000034
13.284752000000328,44013,0.14229579999999986,178,68,54,55,345,57,0.15853360000000102
13.681611000000187,44014,0.14339830000000148,181,64,57,59,350,60,0.1559655999999959
14.20341400000047,44015,0.14866800000000513,181,67,59,57,345,60,0.13232049999997472
14.997329000000544,44016,0.15124959999999846,181,70,55,57.5,345.5,58.5,0.10495979999998963
15.666063000000323,44017,0.15291340000000347,184,67,55,58,346,57,0.1260113000000354
16.178962000000332,44018,0.15357229999999764,183,67,58,63,347,57,0.1555739000000038
16.76244000000041,44019,0.1510705999999991,183,72,58,60,344,59,0.15824369999999982
17.372222000000374,44020,0.15248400000000256,181,66,53,56,346,59,0.1589857000000011
17.998507000000426,44021,0.15872430000000531,183,65,54,62,351,55,0.16000840000000027
18.69155700000046,44022,0.1617100999999988,185,73,60,63,348,60,0.15983529999999957
19.330407000000363,44023,0.16460330000000467,181,72,57,59,343,58,0.16002100000000063
19.857811000000314,44024,0.16851680000000052,180,69,55,58,344,59,0.15497739999999322
20.416541000000397,44025,0.16530509999999557,179,66,53,61,347.5,58.5,0.14099089999998907
21.115170000000493,44026,0.16450080000000308,185,68,56,64,351,58,0.13316470000000044
21.79451600000038,44027,0.1540354999999843,188,79,62,65,351,59,0.13459410000000135
22.313408000000287,44028,0.16079550000002274,188,78,56,69,370,60,0.14242510000000838
22.891137000000448,44029,0.19645180000002294,197,84,56,84,405,61,0.16698710000002248
23.62460700000049,44030,0.22495780000001397,205,98,59,90,395,58,0.1964082000000155
24.25979400000033,44031,0.24628890000001336,208,103,58,92,438,59,0.22342160000001896
24.764416000000317,44032,0.2774005000000259,210,104,56,99,417,61,0.2494788000000146
25.30261700000037,44033,0.32092230000002964,216,111,60,109,454,60,0.27457120000001745
25.96975000000048,44034,0.35419730000001365,221,115,60,110,439.5,60.5,0.28400509999999557
26.770808000000542,44035,0.3689848000000056,218,110,55,111,425,61,0.29101580000001265
27.35518200000022,44036,0.37293949999999965,218,114,63,104,424,61,0.3034697000000037
27.645082000000155,44037,0.3844225000000144,225,118,56,113,424,60,0.30760670000000173
28.230421000000575,44038,0.39874280000000434,226,128,55,124,409,62,0.3003555999999895
29.221033000000688,44039,0.4033025000000016,228,125,64,118,401,61,0.29005129999999696
29.95590400000027,44040,0.4189317000000177,231.5,128,60.5,110,398,59,0.2941562000000078
30.288208000000157,44041,0.4498619000000217,235,131,57,129,407,61,0.30541840000000664
30.77430500000045,44042,0.4760511000000123,235,141,58,134,398,64,0.3109731000000007
31.5996560000006,44043,0.49238980000000887,236,138,62,133.5,396,62.5,0.3100411999999982
32.33350800000035,44044,0.5025949000000044,236,135,62,133,394,61,0.30843949999999964
32.79606400000024,44045,0.5068899000000012,239,141,58,138,409,60,0.30424039999999514
33.31812900000041,44046,0.5068100999999988,235,145,61,143,390,63,0.2944000999999924
34.01610300000048,44047,0.5094428000000044,236,143,64,136,390,64,0.28677229999999765
34.66323900000036,44048,0.5103554999999972,239,138,58,134,384,61,0.2807798999999948
35.24568400000038,44049,0.5090857000000011,234,143,57,140,386,61,0.27205469999999404
35.85854100000039,44050,0.5102647000000005,234,148,63,144,382,63,0.25973289999999033
36.44359200000035,44051,0.5069529999999955,235,144,66,138,381,62,0.250051299999997
37.05811200000043,44052,0.505215100000002,231,146,60,141.5,384,61,0.2464974999999984
37.71083500000041,44053,0.5085756000000023,231,152,63,145,387,60,0.24347649999999774
38.329684000000384,44054,0.5138428000000044,237,153,64,148,418,63,0.22408599999997822
38.99412000000046,44055,0.5177252000000008,246,156,62,151,381,64,0.18732469999997484
39.64743200000038,44056,0.5248646000000081,245.5,158.5,62,157,388,62,0.16823949999999968
40.20973500000034,44057,0.5397049000000108,245,161,62,156,386,61,0.1691462000000014
40.83330500000045,44058,0.5523327000000056,245,160,65,159,385,64,0.1707731000000007
41.53361600000044,44059,0.569525000000016,249,168,64,163,383,63,0.17124789999999993
42.20408700000041,44060,0.5859285000000054,248,169,66,169,387,60,0.17036639999999897
42.79534000000035,44061,0.5933865000000041,252,176,64,171.5,386.5,61,0.16986050000000033
43.413490000000444,44062,0.6058780000000116,259,184,68,174,386,62,0.1709857000000011
44.098280000000436,44063,0.6257015000000138,266,189,67,181,387,63,0.17232100000000064
44.67668500000031,44064,0.6626752000000328,271,203,71,190,394,65,0.1739462000000014
45.28828800000046,44065,0.7007981000000167,277,214,72,207,418,64,0.17604200000000128
46.02514500000048,44066,0.7128831999999995,276,218,73,221,387,66,0.1778857000000011
46.622181000000296,44067,0.7517834000000483,291,242,74,244,386,65,0.18094030000000275
47.171751000000405,44068,0.8207751000000404,274,215,66,208,368,64,0.18544870000000302
47.90017800000052,44069,0.8684535000000214,276,217,69,208,368.5,63,0.19108650000000418
48.578550000000355,44070,0.8701203999999823,264,197,64,208,369,62,0.1862286999999902
49.11865100000034,44071,0.8255357999999614,258,186.5,63,189,363,60,0.17045979999998964
49.76010300000048,44072,0.7748700999999731,252,176,62,169,357,60,0.15551019999999116
50.46559100000043,44073,0.7269785999999658,252,170,62,165,355,61,0.14030349999998942
51.09907900000039,44074,0.6692021999999604,244,161,64,158,350,63,0.12609589999999224
51.73975900000043,44075,0.629075799999987,240,159,62,153,347,60,0.11790339999999705
52.36822200000037,44076,0.604759899999982,238,151,61,142,349,61,0.11283449999999648
52.96220500000039,44077,0.5773371999999829,230,141,65,133,342,62,0.10733449999999649
53.64952300000049,44078,0.5621554999999971,227,140,62,127,340,62,0.10141769999999596
54.30728100000036,44079,0.5512471999999893,225,135,58,131.5,342,61.5,0.09511769999999596
54.7395940000002,44080,0.5203280999999719,224,129,58,136,344,61,0.08897399999999615
55.145290000000315,44081,0.47236429999996693,219,117,60,124,339,61,0.08156729999999443
55.718650000000416,44082,0.4360858999999858,215,119,59,110,333,61,0.07750420000000013
56.227459000000245,44083,0.40924479999998,215,116,59,112,338,61,0.07452609999999622
56.58614000000022,44084,0.3811707999999838,215,116,59,112,333,61,0.06867819999999629
57.04753300000037,44085,0.36581769999999597,211,107,59,100,332,62,0.06433699999999808
57.61271800000036,44086,0.364415100000002,207,105,55,98,331,61,0.06227479999999923
58.05870300000022,44087,0.35402119999998544,207.5,104.5,57.5,100,330,60,0.06008489999999801
58.470996000000305,44088,0.3355975999999908,208,104,60,94.5,328,60,0.05792269999999917
59.046507000000425,44089,0.32218749999999197,206,97,60,89,326,60,0.05563279999999795
59.58534100000027,44090,0.3041648999999852,202,97,57,91,324,61,0.053631099999999425
59.91777100000016,44091,0.27986659999998376,201,91,55,101,329,62,0.051741199999998204
60.29224800000031,44092,0.25978079999999026,201,91,57,85,331,60,0.048836999999998076
60.87038100000042,44093,0.2570848000000056,199,90,60,82,326,61,0.04750420000000013
61.451668000000325,44094,0.25582949999999327,198,91,56,81,326,62,0.04718319999999949
61.926324000000285,44095,0.2511126000000004,196,89,57,82,324,61,0.04685210000000006
62.330728000000235,44096,0.25582850000000545,198,88,59,80,331,60,0.05945610000001543
62.72217300000026,44097,0.2519807999999903,196,87,58,78,328.5,60.5,0.08121160000001254
63.265423000000425,44098,0.24318909999999813,196,87,59,76,326,61,0.06767599999997183
63.824744000000294,44099,0.24997970000001005,200,93,58,78,327,62,0.044880699999997886
64.12254500000009,44100,0.25176899999999297,194,85,57,86,329,61,0.044185700000001084
64.42592900000028,44101,0.23623629999998738,195,82,57,77,327,61,0.04385379999999859
65.07811900000054,44102,0.22518489999999802,196,81,60,71,326,62,0.0422268999999993
65.84626300000046,44103,0.2166143999999913,194.5,82,59,68,326,60,0.04102269999999917
66.44818900000033,44104,0.2059319999999949,193,83,58,72,329,59,0.04003529999999955
67.05201100000043,44105,0.20407980000000242,191,80,57,69,319,62,0.03902269999999917
67.7075830000004,44106,0.2072025000000016,190,77,60,70,320,62,0.03803529999999955
68.11436800000013,44107,0.2001681999999899,188,76,55,71,321,62,0.03723109999999942
68.32653600000015,44108,0.18582699999999167,189,77,57,74,327,59,0.035236999999998075
68.6816430000003,44109,0.17214969999999086,188,75,56,68,327,59,0.033643699999999804
69.11306400000024,44110,0.15753709999999047,185,71,55,60,318,62,0.03308319999999949
69.44913200000019,44111,0.14644039999999514,183,67,56,60,317,62,0.03155379999999859
69.79740000000025,44112,0.145248700000003,181,68,54,56,318,59,0.030083199999999487
70.24116400000031,44113,0.14354039999999513,185,68,57,59,318,60,0.02928319999999949
70.75955000000035,44114,0.13807649999999774,183,64,57,59,315,62,0.028483199999999487
71.28610500000032,44115,0.13171099999999425,180,64,54,57.5,315.5,61.5,0.028516800000000512
71.75463500000028,44116,0.12458659999999655,183,63,54,56,316,61,0.02837899999999936
72.25580200000036,44117,0.12226050000000031,180,61,56,54,318,59,0.03701750000001121
72.91366600000048,44118,0.11671689999999289,177,60,56,51,309,62,0.036334599999988865
73.63049000000044,44119,0.1074924999999952,178.5,61.5,54,50,309,62,0.026280699999997888
74.16106400000024,44120,0.09931519999999437,180,63,52,51,315,59,0.02407479999999923
74.60185300000032,44121,0.08796229999999124,181,60,57,50,314,62,0.023135299999999553
75.22979200000049,44122,0.08489070000000429,180,61,59,50,310,62,0.022487399999999616
75.97554000000048,44123,0.08903780000000115,175,63,54,50,314,60,0.02204369999999981
76.58997900000031,44124,0.08807649999999775,179,58,55,51,313.5,60.5,0.021795799999999872
77.05615600000027,44125,0.08520169999999852,178,61,58,52,313,61,0.022012600000000385
77.57343200000038,44126,0.0813386999999966,176,61,57,50,315,62,0.025582300000004034
78.1800200000004,44127,0.0786436999999998,179,55,52,50,313,61,0.04209390000001659
78.73906300000033,44128,0.08277220000000525,179,62,56,55,312,60,0.06887960000001768
79.19413100000027,44129,0.09138900000000576,181,63,60,50,315,61,0.0822563000000002
79.60461000000026,44130,0.0971588000000018,180,56,52,53,314,61,0.08281680000000051
80.07660900000033,44131,0.1045957000000075,182,65,57,53,317,60,0.07991769999999596
80.63322200000037,44132,0.11395120000000461,180,65,57,50,314,61,0.07997390000000378
81.13134100000028,44133,0.10948079999999027,177,55,51,50.5,313.5,61,0.08300840000000026
81.51066100000023,44134,0.09896979999999603,179,58.5,55.5,51,313,61,0.08366890000000057
81.94856700000034,44135,0.0954268999999993,181,62,60,55,318,60,0.08404789999999994
82.53756600000041,44136,0.09995370000000621,183,64,59,53,312,61,0.08379159999999974
83.0965590000003,44137,0.10428739999999961,177,63,56,49,308,62,0.08386050000000031
83.44635100000015,44138,0.10076979999999602,177,60,57,50,313,61,0.08326639999999898
83.7987440000003,44139,0.10035290000000313,181,62,57,52,319,60,0.07301779999998835
84.40654000000048,44140,0.09561439999999129,181,61,55,52,310,61,0.0709688000000082
84.97982000000026,44141,0.08717229999999764,176,60,56,50,311,61,0.079913400000003465
85.32948500000018,44142,0.09128730000000723,176,60,56,50.5,312.5,60.5,0.0819268999999993
85.78902000000039,44143,0.0974294000000009,180,59,52,51,314,60,0.08145210000000007
86.39807900000038,44144,0.09950670000000174,180,59,54,55,315,61,0.08113529999999955
86.86943400000023,44145,0.10027899999999935,177,60,61,49,312,62,0.08095630000000019
87.3641040000004,44146,0.0990705999999991,182,58,51,52,311,60,0.08083949999999969
87.9917510000004,44147,0.1017344000000041,175,60,56,55,312,62,0.08091260000000039
88.43831700000017,44148,0.0995899999999936,174,59,63,49,313,63,0.08114789999999994
88.84452500000033,44149,0.08995469999999404,178,54,52,49,313,59,0.0818294000000009
89.47112000000047,44150,0.08659410000000134,176,56,55.5,49,311,62,0.08135379999999859
90.08118900000032,44151,0.08765210000000007,174,58,59,49.5,312,60.5,0.0801436999999998
90.55632400000029,44152,0.091763800000005,178,55,52,50,313,59,0.07577989999999482
91.02845800000031,44153,0.08935219999999244,172,58,60,47,315,63,0.04470379999996658
91.55146600000035,44154,0.08156389999999737,178,53,54,47,311,60,0.0197
92.0531810000003,44155,0.0816319000000025,174,57,59,49,310,63,0.019647899999999933
92.56680200000037,44156,0.08172859999999783,179,54,54,47,312,60,0.019652100000000065
93.1668350000004,44157,0.08484110000000583,172,55,58,50,312,62,0.019543699999999806
93.73723100000034,44158,0.08612609999999622,176,55,57,47,312,61,0.019556300000000193
94.19040000000025,44159,0.07944459999999526,174,57,52,49,312,59,0.02022100000000064
94.58519000000025,44160,0.07319079999999667,176,56,54,47.5,311.5,61,0.02007479999999923
95.07470100000037,44161,0.07325290000000313,174,53,53,46,311,63,0.019083199999999488
95.74687600000048,44162,0.07367229999999764,172,56,57,48,313,59,0.018752100000000067
96.39190300000034,44163,0.07924610000000903,178,54,53,47,308,62,0.0188
96.71399900000007,44164,0.0800605999999927,173,58,57,49,319,60,0.018747899999999935
96.97835800000026,44165,0.07590250000000161,177,56,56,49,314,61,0.018856300000000194
97.63790000000057,44166,0.07558909999999815,174.5,55,55.5,46,310,61,0.01873949999999968
98.36597000000036,44167,0.07503360000000103,172,54,55,49,312,60,0.018343699999999807
98.76404000000015,44168,0.0711630999999943,176,59,56,47,307,62,0.018668900000000575
99.13272700000032,44169,0.07367300000000833,174,55,57,46.5,311,60.5,0.019152100000000064
