pres,second,fluo_ctd,fluo_440,fluo_470,fluo_532,crov,cstarAt,cstarTr,cruise
2.620134999999958,47844,0.12288419999998733,178.42857142857142,60.76190476190476,55.523809523809526,0.11719230769230769,0.14893529999999955,96.34521500000001,Boussole
2.5707649999999775,47845,0.11808900000000576,179,64,57,0.117,0.14844369999999982,96.3563075,Boussole
2.588907000000043,47846,0.1293293000000085,180,65,57,0.118,0.1488731000000007,96.34703129999998,Boussole
2.6434030000000277,47847,0.133251299999997,181,61,54,0.118,0.14872269999999918,96.35030900000001,Boussole
2.6202359999999465,47848,0.14162840000001306,177,56,56,0.118,0.1481,96.36477310000001,Boussole
2.5794789999999996,47849,0.1651544000000169,173,57,58,0.118,0.14846470000000045,96.35691189999999,Boussole
2.583689000000006,47850,0.16644219999998605,175,59.5,57.5,0.119,0.14843529999999955,96.35753600000001,Boussole
2.5895630000000023,47851,0.15308239999999643,177,62,57,0.118,0.14903780000000116,96.34290119999997,Boussole
2.584226999999992,47852,0.14362699999999168,176,60,56,0.119,0.14948319999999948,96.33188220000001,Boussole
2.5962350000000223,47853,0.13328409999999494,179,59,57,0.118,0.14842269999999916,96.35732410000001,Boussole
2.593201999999976,47854,0.13960740000001243,179,60,55,0.118,0.1482168000000005,96.36269679999998,Boussole
2.585420000000013,47855,0.14791009999999877,178,60,55,0.119,0.14844369999999982,96.35740750000001,Boussole
2.6163610000000266,47856,0.1368404999999875,181,61,54,0.118,0.1483,96.3604269,Boussole
2.5932779999999473,47857,0.11718419999998733,179,62,56,0.119,0.14913360000000103,96.34036249999997,Boussole
2.551915999999997,47858,0.11228480000000564,178,63,54,0.1185,0.14937899999999937,96.3341225,Boussole
2.619814000000086,47859,0.10003639999997976,177,64,58,0.119,0.1490563000000002,96.34151349999999,Boussole
2.6339839999999386,47860,0.10099890000001979,179,64,52,0.119,0.14940840000000027,96.3333984,Boussole
2.5452779999999473,47861,0.12648050000001312,178,61,59,0.119,0.14928739999999963,96.3371881,Boussole
2.643544000000169,47862,0.12520269999998637,181,61,60,0.119,0.14863529999999955,96.35328810000001,Boussole
2.871595000000125,47863,0.10426739999998681,179,60,57,0.119,0.14876890000000056,96.34922539999998,Boussole
2.9222779999999475,47864,0.12263820000003471,177,60,57,0.119,0.14867899999999937,96.35126870000002,Boussole
2.961150000000096,47865,0.15985360000001383,180,58,55,0.119,0.14799159999999972,96.36815370000001,Boussole
3.312777000000344,47866,0.15566409999998213,179.5,58,54.5,0.119,0.14800840000000026,96.36831939999999,Boussole
3.750787000000222,47867,0.1257842999999797,179,58,54,0.119,0.14846050000000033,96.35747909999999,Boussole
4.017032000000123,47868,0.12279140000001498,179,58,59,0.12,0.14875210000000005,96.35020589999999,Boussole
4.353349000000301,47869,0.1345731000000007,177,64,56,0.121,0.1486436999999998,96.3519613,Boussole
4.971876000000484,47870,0.13463109999999942,179,60,56,0.12,0.1483436999999998,96.35898060000001,Boussole
5.637743000000373,47871,0.1388369000000057,179,63,55,0.12,0.1490857000000011,96.34132219999996,Boussole
6.135820000000269,47872,0.14054709999999687,181,62,59,0.122,0.14963949999999968,96.3285419,Boussole
6.651684000000387,47873,0.13220849999999262,181,61,56,0.124,0.14960840000000025,96.32905219999999,Boussole
7.220256000000344,47874,0.12524119999999822,180,63,56,0.1245,0.15058150000000095,96.30552969999998,Boussole
7.71301300000029,47875,0.12462940000000089,181,64,57,0.126,0.15150840000000027,96.2829522,Boussole
8.183206000000311,47876,0.13160410000000775,181,61,55,0.125,0.15248150000000096,96.25942969999997,Boussole
8.687441000000334,47877,0.14083860000000423,182,63,56,0.126,0.15382520000000077,96.22794309999998,Boussole
9.177181000000294,47878,0.14530250000000158,180,66,54,0.126,0.15450420000000012,96.2118597,Boussole
9.543359000000178,47879,0.14556219999999884,181,66,55,0.1265,0.15439159999999974,96.2137075,Boussole
9.91301300000029,47880,0.14563780000000115,177,65,56,0.127,0.15513780000000116,96.19494909999997,Boussole
10.530649000000492,47881,0.14561429999999892,183,65,57,0.127,0.15594789999999994,96.17549410000001,Boussole
11.186071000000352,47882,0.14912430000000532,183,64,55.5,0.126,0.15626470000000045,96.16811189999999,Boussole
11.6130730000002,47883,0.15117229999999765,183,63,54,0.127,0.15665210000000007,96.1587328,Boussole
12.076642000000385,47884,0.14580509999999558,182,65,58,0.128,0.15628319999999948,96.16725530000002,Boussole
12.732305000000451,47885,0.14463610000000263,182,67,56,0.1335,0.12458789999996153,96.93575330000093,Boussole
13.205981000000167,47886,0.14363029999999635,182,65,54,0.126,0.09600840000000026,97.6293194,Boussole
13.446141000000141,47887,0.14188990000000123,183,66,56,0.128,0.09609579999999987,97.6268672,Boussole
13.892213000000417,47888,0.14154959999999847,183,67,53,0.128,0.09631260000000039,97.62115809999999,Boussole
14.516037000000383,47889,0.14326550000000352,184,66,53,0.129,0.09654789999999994,97.6150731,Boussole
14.951527000000183,47890,0.14730670000000173,185,67,57,0.1275,0.09670840000000026,97.6105463,Boussole
15.2520730000002,47891,0.14781849999999905,184,68,58,0.129,0.09700420000000014,97.6037118,Boussole
15.680735000000341,47892,0.15257050000000671,185,65,58,0.129,0.11991980000002805,97.04912739999932,Boussole
16.25533100000039,47893,0.15520339999999705,183,68,54,0.13,0.1504864000000118,96.30868189999971,Boussole
16.820483000000333,47894,0.15409410000000134,186,70,56,0.129,0.16174870000000302,96.03690849999992,Boussole
17.276274000000253,47895,0.15614200000000128,185,68,57,0.1295,0.16175969999999726,96.03716300000006,Boussole
17.624947000000194,47896,0.16496710000000966,183,69,55,0.13,0.1597,96.0865,Boussole
18.089289000000388,47897,0.17136639999999898,187,71,57,0.13,0.15959579999999987,96.088688200000007,Boussole
18.762372000000468,47898,0.16387909999999176,187,68,56.5,0.129,0.1595,96.0907,Boussole
19.23491400000015,47899,0.16296210000000647,187,65,56,0.13,0.15970840000000025,96.0856984,Boussole
19.535081000000233,47900,0.16785210000000006,185,69,55,0.131,0.1595873999999996,96.08891500000001,Boussole
20.178463000000576,47901,0.15555229999998482,189,68,58,0.128,0.15820589999999865,96.12235840000004,Boussole
20.917869000000376,47902,0.14763860000000423,186,71,58,0.129,0.1572,96.1465,Boussole
21.286486000000107,47903,0.16142840000001304,186,69,56,0.13,0.15725210000000006,96.1454059,Boussole
21.645777000000344,47904,0.17891080000000947,192,78,56,0.175,0.13750199999997567,96.6231990000006,Boussole
22.272910000000454,47905,0.18693780000000115,198,85,58,0.206,0.10794219999998604,97.33932160000035,Boussole
22.84901300000029,47906,0.1833193999999945,201,89,55,0.201,0.10369990000000762,97.44107639999982,Boussole
23.259812000000238,47907,0.19258970000001646,200,89,55,0.23,0.11726710000000967,97.11087029999976,Boussole
23.647963000000257,47908,0.21578890000001338,202,90,58,0.225,0.13747290000001594,96.62174539999961,Boussole
24.128071000000354,47909,0.2393981000000167,199,92,56,0.233,0.15554780000000756,96.18560489999982,Boussole
24.68376000000036,47910,0.25591170000000496,202,90,59,0.228,0.1685982000000091,95.87233899999978,Boussole
25.16352600000026,47911,0.271009900000014,203,99,59,0.2355,0.17925540000000473,95.6173560999999,Boussole
25.57213100000026,47912,0.2909822000000116,214,113,59,0.261,0.21150710000003528,94.85319499999916,Boussole
26.043567000000337,47913,0.3129334000000163,216,119,58,0.277,0.22482289999998392,94.53705300000038,Boussole
26.577861000000347,47914,0.34474170000002413,217.5,120.5,59.5,0.282,0.2085798999999948,94.92055890000012,Boussole
27.076139000000293,47915,0.37978460000002084,219,122,61,0.277,0.21402590000001145,94.79021029999973,Boussole
27.55597900000032,47916,0.3982655000000035,215,113,60,0.263,0.2273932000000059,94.47397239999987,Boussole
28.063836000000332,47917,0.40006639999999893,216,116,62,0.27349999999999997,0.2458149000000172,94.0422094999996,Boussole
28.589735000000342,47918,0.40352010000000516,224,124,60,0.29,0.2765703000000219,93.32230589999949,Boussole
29.126819000000346,47919,0.41802840000001307,231,131,60,0.291,0.28476819999998987,93.13029690000025,Boussole
29.640290000000313,47920,0.4421275000000176,227,135,61,0.294,0.2553700999999732,93.81763210000062,Boussole
30.14227300000033,47921,0.4644175000000112,235,137,61,0.294,0.2726557000000459,93.41385189999893,Boussole
30.652668000000325,47922,0.48097970000001006,236,138,62,0.2975,0.3085630000000019,92.57583249999996,Boussole
31.143996000000307,47923,0.4975133000000111,239,141,63,0.292,0.30645719999999566,92.6256096000001,Boussole
31.631979000000317,47924,0.5151780000000116,237,140,61,0.288,0.28095329999997265,93.21954710000064,Boussole
32.16692800000036,47925,0.5248420000000014,231,142,61,0.283,0.2528412999999906,93.87558030000022,Boussole
32.718256000000345,47926,0.5344486000000106,234,143,60,0.281,0.2447579999999987,94.06509120000003,Boussole
33.22612200000031,47927,0.5356269999999916,233,141,62,0.273,0.24010089999999545,94.17423810000011,Boussole
33.71697900000032,47928,0.5265865999999966,237,142,58,0.2625,0.2356579999999987,94.27839120000003,Boussole
34.28944000000041,47929,0.5281159000000051,237.5,143,59.5,0.253,0.2307924999999952,94.3932170000001,Boussole
34.96226300000045,47930,0.5344008000000031,238,144,61,0.251,0.2241781999999963,94.54948120000009,Boussole
35.59023900000036,47931,0.5356579999999986,240,148,60,0.256,0.21832609999999622,94.68782740000009,Boussole
36.091929000000285,47932,0.5278748999999916,240,151,59,0.2415,0.21378069999999788,94.79596740000005,Boussole
36.60240700000036,47933,0.5201932999999983,238,150,61,0.252,0.20896979999999601,94.9110559000001,Boussole
37.17618000000037,47934,0.5234327000000055,239,152,61,0.232,0.20448909999999815,95.01711960000004,Boussole
37.73638200000035,47935,0.5358839000000102,237,147,62,0.221,0.2009117999999973,95.10092270000007,Boussole
38.3184990000004,47936,0.5442294000000009,237,151,63,0.213,0.19582609999999623,95.2213484000001,Boussole
38.84215600000028,47937,0.5415655999999959,237,148,64,0.216,0.18976979999999602,95.3668021000001,Boussole
39.28232400000029,47938,0.5413655000000035,237,150,60,0.2115,0.18336139999999576,95.5197676000001,Boussole
39.859700000000444,47939,0.5490016000000062,233,148,60,0.202,0.17921009999999876,95.61831810000002,Boussole
40.47269300000034,47940,0.55427730000000075,236,151,62,0.204,0.17616389999999738,95.69119750000006,Boussole
40.887947000000196,47941,0.5575571000000032,237,159,61,0.205,0.17242859999999782,95.78036150000005,Boussole
41.2829960000003,47942,0.5716704000000143,250,167,62,0.207,0.16756979999999602,95.8965080000001,Boussole
41.890809000000466,47943,0.5902150000000096,248,166,63,0.208,0.16600670000000173,95.93389969999996,Boussole
42.54322200000038,47944,0.5928151999999944,251,172,63,0.21,0.16881090000000185,95.86788039999995,Boussole
42.92515800000013,47945,0.5998015000000138,252,172,63.5,0.208,0.17087730000000084,95.81872379999997,Boussole
43.24507200000028,47946,0.6182797000000101,253,172,64,0.211,0.17243780000000117,95.78094909999997,Boussole
43.891724000000536,47947,0.6273109000000019,255,179,66,0.212,0.17392520000000078,95.74591619999998,Boussole
44.60078500000037,47948,0.632711700000005,260,184,64,0.2105,0.17476050000000032,95.7264522,Boussole
45.00447700000015,47949,0.6522384000000194,262,189,67,0.213,0.17692770000000235,95.67443099999994,Boussole
45.36964300000031,47950,0.6837846000000208,267,206,68,0.22,0.17995040000000154,95.60106099999996,Boussole
45.979246000000465,47951,0.7078923000000105,272,215,69,0.224,0.1799537999999986,95.60129870000003,Boussole
46.59010500000032,47952,0.7261721000000129,280,224,68,0.221,0.17942100000000064,95.61353719999998,Boussole
46.98309000000019,47953,0.7501275000000176,278,221,68,0.224,0.18161930000000212,95.56099979999995,Boussole
47.43460000000039,47954,0.7737721000000128,276,223,69,0.2245,0.18413780000000116,95.50105499999998,Boussole
48.125775000000495,47955,0.7918402000000103,297,255,75,0.241,0.1846873999999996,95.486794,Boussole
48.72467700000028,47956,0.8143443000000181,296,253,74,0.226,0.18445210000000006,95.4929269,Boussole
49.08248500000018,47957,0.8343083000000079,283,231,69,0.229,0.19023100000000703,95.35605429999984,Boussole
49.52899500000038,47958,0.8316555999999895,264,195,65,0.186,0.19675040000000155,95.20053409999996,Boussole
50.2193380000005,47959,0.8220806999999979,263,197,65,0.169,0.18654219999998603,95.44325110000034,Boussole
51.8134570000004,47962,0.7144094999999804,247,163,67,0.144,0.13972019999999757,96.56764210000006,Boussole
52.39346600000035,47963,0.6919328999999903,243,162,61,0.136,0.13029339999999065,96.79518190000022,Boussole
52.931130000000344,47964,0.6661002999999771,242,155,62,0.1275,0.11819419999999373,97.08817700000014,Boussole
53.46373500000034,47965,0.6260759999999719,232,143,60,0.119,0.10964459999999526,97.29610520000013,Boussole
54.00550800000035,47966,0.5829616999999729,226,133,61,0.11,0.10375549999999711,97.43989740000008,Boussole
54.551424000000345,47967,0.5510816999999857,223,127,62,0.107,0.09852609999999622,97.56768870000009,Boussole
55.10584400000036,47968,0.5270623999999836,220,124,61,0.103,0.09012529999999315,97.77334570000016,Boussole
55.65942400000035,47969,0.4970338999999782,218,118,59,0.098,0.08124879999999539,97.98971870000011,Boussole
56.13204700000026,47970,0.44688709999995846,218,116,61,0.094,0.07576809999999749,98.12315550000007,Boussole
56.63178500000037,47971,0.3956372999999752,210,107,59,0.088,0.07181599999999744,98.21974960000006,Boussole
57.24387700000041,47972,0.37079589999999224,207,107,59,0.085,0.06750339999999705,98.32625870000007,Boussole
57.78866000000029,47973,0.354423699999987,208,106,59,0.086,0.06332019999999756,98.42980930000006,Boussole
58.27731500000033,47974,0.3377706999999915,208,104,60,0.083,0.05972859999999782,98.51862870000006,Boussole
58.780332000000314,47975,0.33072269999999915,207.5,102,58.5,0.082,0.05711009999999878,98.58321810000002,Boussole
59.27545800000032,47976,0.31712709999998406,207,100,57,0.08,0.0548974999999984,98.63661210000004,Boussole
59.87140600000044,47977,0.30447059999999915,203,96,57,0.077,0.05323109999999942,98.6776956,Boussole
60.50165900000037,47978,0.30984360000000744,202,94,57,0.078,0.05227899999999936,98.701816600000015,Boussole
60.95093000000021,47979,0.29836329999997907,203,97,56,0.077,0.050445399999998336,98.74657930000004,Boussole
61.40232300000036,47980,0.27342619999998863,203,92,57,0.074,0.04836639999999898,98.79701060000002,Boussole
62.04816200000046,47981,0.263284899999998,199,86,58,0.082,0.04692269999999917,98.83227620000002,Boussole
62.60448400000026,47982,0.26211260000000036,199,88,55,0.073,0.045414299999998915,98.87005090000004,Boussole
62.99806400000025,47983,0.2557832999999919,197,85,56,0.07,0.04397479999999923,98.90623000000002,Boussole
63.520129000000416,47984,0.24646979999999602,193,82,58,0.068,0.04282689999999929,98.9351359,Boussole
64.19622100000045,47985,0.24719910000000453,192,82,57,0.065,0.041466399999998974,98.96918370000003,Boussole
64.74665200000027,47986,0.2372623999999836,194,81,59,0.067,0.0393974999999984,99.02003310000005,Boussole
65.10551000000021,47987,0.21598669999998893,192,80,55,0.064,0.03731429999999891,99.07107780000003,Boussole
65.59838100000043,47988,0.20243789999999354,188,75,56,0.063,0.0359268999999993,99.106209,Boussole
66.25781800000043,47989,0.2017680000000051,189,74,55,0.061,0.03519159999999975,99.12452850000001,Boussole
66.79598800000028,47990,0.20294289999999673,188,74,55,0.061,0.03416639999999898,99.14928370000003,Boussole
67.26514700000033,47991,0.19044469999998764,188,72,55,0.0595,0.03277479999999923,99.18450310000001,Boussole
67.80132300000035,47992,0.18865030000000915,188,70,55,0.058,0.0322,99.19997310000001,Boussole
68.35859200000036,47993,0.1907067999999941,187,68,57,0.058,0.031470599999999106,99.21727620000001,Boussole
68.89339900000033,47994,0.18046479999999282,189,69,55,0.057,0.030331099999999424,99.24499560000001,Boussole
69.42281900000035,47995,0.1731201999999976,187,68,57,0.057,0.029326899999999295,99.26968970000001,Boussole
69.97223900000036,47996,0.1713,182,68,56,0.056,0.028747899999999934,99.2830941,Boussole
70.54895300000038,47997,0.16452699999999168,181,65,56,0.055,0.028178999999999357,99.29811490000002,Boussole
71.1534150000004,47998,0.15793529999999956,182,66,56,0.054,0.027335299999999552,99.319336,Boussole
71.6902650000003,47999,0.15009759999999078,181,63,54,0.055,0.026583199999999488,99.33762840000001,Boussole
72.1641220000003,48000,0.1336135999999882,180,63,55,0.054,0.025678999999999362,99.36026870000002,Boussole
72.73104500000042,48001,0.1201630999999943,178,62,55,0.052,0.02493949999999968,99.37824780000001,Boussole
73.41928800000046,48002,0.11720250000000161,178,58,54,0.0515,0.024543699999999807,99.3883285,Boussole
74.00818100000029,48003,0.12194280000000436,181,62,56,0.056,0.023514299999998912,99.41422990000002,Boussole
74.32173800000011,48004,0.12009419999999373,175,61,56,0.054,0.02228319999999949,99.4448763,Boussole
74.78993500000047,48005,0.11362859999999783,177,59,55,0.05,0.02231680000000051,99.44345059999999,Boussole
75.62132000000058,48006,0.1053311999999918,180,59,58,0.051,0.022126899999999297,99.44830900000001,Boussole
76.17662000000014,48007,0.0973243999999977,179,58,57.5,0.0545,0.02123529999999955,99.4711091,Boussole
76.43725800000018,48008,0.09304709999999687,178,57,57,0.051,0.02105630000000019,99.4759656,Boussole
76.9968000000005,48009,0.09205460000000167,176,62,56,0.05,0.020887399999999615,99.480715,Boussole
77.74574200000045,48010,0.0989268000000069,178,59,57,0.05,0.0206,99.4879,Boussole
78.28935800000025,48011,0.10733020000000397,177,59,52,0.05,0.021068900000000574,99.47617749999999,Boussole
78.71080300000028,48012,0.10743449999999648,179,61,57,0.051000000000000004,0.0207705999999991,99.48269720000002,Boussole
79.25383500000041,48013,0.10266389999999738,178,59,55,0.05,0.020152100000000065,99.4980269,Boussole
79.92217900000045,48014,0.10007479999999923,175,62,54,0.052,0.020512600000000384,99.48911189999998,Boussole
80.44403900000023,48015,0.09903109999999943,181,61,57,0.051,0.02142520000000077,99.46576999999998,Boussole
80.83117300000026,48016,0.09896470000000045,181,59,57,0.052,0.02147899999999936,99.46426870000002,Boussole
81.41506100000048,48017,0.1013319000000025,180,61,55,0.052,0.0440282000000283,98.90737639999931,Boussole
82.0997930000004,48018,0.10705540000000474,180,62,54,0.052,0.048632199999979635,98.79400600000051,Boussole
82.53481300000017,48019,0.1137781000000039,179,61,57,0.051,0.02735639999999257,99.32023540000019,Boussole
82.86440000000026,48020,0.11628319999999949,181,60,55,0.053,0.021852100000000065,99.45618069999999,Boussole
83.47592600000051,48021,0.10928329999999187,179,59,55,0.051,0.021587399999999615,99.461894,Boussole
84.16418000000037,48022,0.10090759999999718,179,60,54,0.052,0.02156050000000032,99.46302529999998,Boussole
84.60507300000019,48023,0.10031090000000185,179,61,54.5,0.052,0.021591599999999742,99.4623285,Boussole
85.0050800000003,48024,0.10076219999999884,179,62,55,0.05,0.0214,99.4669731,Boussole
85.61585100000046,48025,0.10412010000000518,178,60,56,0.051,0.021295799999999872,99.4697403,Boussole
86.2947510000004,48026,0.10560339999999706,178,61,54,0.051,0.020991599999999742,99.47737470000001,Boussole
86.73454400000017,48027,0.09600179999999091,178,57,55,0.052,0.0208,99.4825,Boussole
87.06627400000025,48028,0.08706389999999738,180,58,57,0.05,0.02142520000000077,99.46686999999999,Boussole
87.67648900000052,48029,0.08822600000000384,176,60,56,0.05,0.021531099999999425,99.46364940000001,Boussole
88.40317100000041,48030,0.09323610000000263,177,59,54,0.05,0.020370599999999104,99.49234340000002,Boussole
88.82701500000015,48031,0.09915960000000487,175,59,58,0.05,0.01959579999999987,99.5115403,Boussole
89.17591200000031,48032,0.1009243999999977,175,57,57,0.051,0.019604200000000127,99.51021349999999,Boussole
89.8021280000005,48033,0.09513619999999501,176,58,55,0.049,0.019491599999999745,99.5127268,Boussole
90.43831500000033,48034,0.0900974999999984,177,63,58,0.0495,0.01903949999999968,99.52514190000001,Boussole
90.86318200000022,48035,0.09171340000000346,176,57,54,0.049,0.0188,99.5318,Boussole
91.29583600000034,48036,0.08804799999999231,175,59,57,0.049,0.018747899999999935,99.53351930000001,Boussole
91.90249000000044,48037,0.0827168000000005,177,57,58,0.05,0.018647899999999936,99.5361941,Boussole
92.51642400000036,48038,0.08575710000000326,176,54,57,0.049,0.01875630000000019,99.53271939999999,Boussole
92.96143400000022,48039,0.08736639999999897,174.5,55.5,57,0.049,0.019212600000000385,99.52135809999999,Boussole
93.41181900000035,48040,0.08394289999999674,173,57,57,0.049,0.019604200000000127,99.5118866,Boussole
94.03157400000045,48041,0.08446970000000364,174,54,56,0.051,0.018866399999998975,99.53055680000003,Boussole
94.62033200000032,48042,0.08282359999999461,175,56,53,0.049,0.018047899999999936,99.550621,Boussole
95.04199700000022,48043,0.0793731000000007,175,54,54,0.049,0.017843699999999806,99.5550075,Boussole
95.49017200000034,48044,0.07885799999999872,176,53,56,0.049,0.017804200000000128,99.5569328,Boussole
96.10501100000045,48045,0.07753529999999956,176,52,56,0.048,0.01805630000000019,99.55097149999999,Boussole
96.73349100000037,48046,0.07610589999999866,174,53,56,0.049,0.01809579999999987,99.5496613,Boussole
97.1737200000002,48047,0.07296389999999738,175,55,55,0.049,0.018208400000000256,99.54662529999999,Boussole
97.5708280000003,48048,0.06714459999999527,176,56,56,0.048,0.017670599999999103,99.55989130000003,Boussole
98.18054000000048,48049,0.06917470000000686,174,55,58,0.049,0.017156300000000194,99.57237149999999,Boussole
98.79029000000031,48050,0.07607140000000218,175,54,55,0.048,0.01740420000000013,99.5666328,Boussole
99.21985400000024,48051,0.07759579999999987,174,56,55,0.048,0.01734369999999981,99.5684344,Boussole
99.7220200000004,48052,0.07578069999999788,175,56,55,0.049,0.0172,99.5709269,Boussole
100.31701200000036,48053,0.0736268999999993,176,53,56,0.049,0.01693949999999968,99.57764190000002,Boussole
100.79992100000025,48054,0.07231849999999904,176,52,55,0.048,0.016752100000000065,99.5826328,Boussole
101.25406300000033,48055,0.06847399999999616,175.5,53.5,56,0.048,0.016747899999999934,99.5827672,Boussole
101.82323000000041,48056,0.06648570000000109,175,55,57,0.048,0.016752100000000065,99.5820597,Boussole
102.4506250000004,48057,0.06855040000000154,174,57,54,0.048,0.016695799999999872,99.5833865,Boussole
102.94954300000025,48058,0.07339910000000455,173,55,56,0.048,0.016652100000000065,99.5853538,Boussole
103.35338300000026,48059,0.08195790000000633,175,56,53,0.048,0.016543699999999807,99.58711339999999,Boussole
103.89412900000042,48060,0.08539749999999839,173,54,55,0.048,0.016452100000000067,99.5891269,Boussole
104.48477700000035,48061,0.07628079999999027,176,55,56,0.048,0.016604200000000128,99.5852656,Boussole
104.95040000000026,48062,0.07097980000000244,177,54,56,0.048,0.016908400000000257,99.5771463,Boussole
105.4728350000004,48063,0.07123699999999808,174,56,55,0.048,0.017412600000000385,99.56583119999999,Boussole
106.1062720000004,48064,0.07204030000000275,176,53,54,0.048,0.017231099999999423,99.57084940000001,Boussole
106.54029200000016,48065,0.07357899999999935,174,54,56,0.048,0.016852100000000064,99.5794328,Boussole
106.93452500000033,48066,0.0693487999999954,172,56,55,0.0485,0.016483199999999486,99.58795530000002,Boussole
107.61374100000053,48067,0.0599605999999927,174,53,54,0.049,0.016152100000000065,99.5961059,Boussole
108.17997200000022,48068,0.05403109999999942,174,54,57,0.05,0.01630420000000013,99.5922866,Boussole
108.47393900000016,48069,0.06782330000001748,175,56,55,0.049,0.0164,99.5907941,Boussole
108.99500200000048,48070,0.0836613000000034,174,52,56,0.048,0.0164,99.5918,Boussole
109.71323800000043,48071,0.08125049999999392,174.5,53.5,54.5,0.048,0.01629579999999987,99.59351930000001,Boussole
110.16668700000015,48072,0.07451179999999731,175,55,53,0.048,0.016147899999999934,99.5973403,Boussole
110.5210130000003,48073,0.07166639999999898,173,53,58,0.047,0.015943699999999807,99.6027344,Boussole
111.09123800000043,48074,0.0690243999999977,174,55,56,0.047,0.015956300000000194,99.6024656,Boussole
111.65461800000028,48075,0.06964450000000288,171,53,56,0.049,0.016204200000000127,99.5965866,Boussole
112.1136600000003,48076,0.07544700000000448,174,55,56,0.048,0.01603949999999968,99.6001478,Boussole
112.6549360000004,48077,0.07541349999999583,172,53,55,0.048,0.015852100000000067,99.60522689999999,Boussole
113.1969540000003,48078,0.06813199999999488,175,52,55,0.047,0.01574369999999981,99.6075134,Boussole
113.65271900000029,48079,0.061903399999997055,176,55,55,0.048,0.015912600000000384,99.602806,Boussole
114.17820500000039,48080,0.0597,172,54,57,0.047,0.015783199999999487,99.60620740000002,Boussole
114.75194500000035,48081,0.05714709999999686,173,54,56,0.046,0.015243699999999808,99.6199285,Boussole
115.20108100000023,48082,0.056779800000002434,173,53,56,0.047,0.015204200000000128,99.6206656,Boussole
115.66992800000035,48083,0.058391599999999745,173,55,55,0.047,0.015091599999999743,99.6226537,Boussole
116.30826300000045,48084,0.06242010000000518,175,52,54,0.047,0.0149,99.6273,Boussole
116.81797200000021,48085,0.06827980000000243,172,55,55,0.046,0.01516050000000032,99.6217253,Boussole
117.15466100000022,48086,0.0682243999999977,173,53,55,0.046,0.014983199999999489,99.62660320000002,Boussole
117.68217900000045,48087,0.06425969999999724,173,53.5,54,0.0455,0.014495799999999871,99.6380403,Boussole
118.33481000000039,48088,0.06001179999999731,173,54,53,0.046,0.014295799999999872,99.6429134,Boussole
118.78121600000019,48089,0.057947899999999934,173,52,58,0.047,0.013991599999999745,99.6499806,Boussole
119.1663070000003,48090,0.05607649999999776,171,52,55,0.045,0.01406050000000032,99.6484732,Boussole
119.69374300000037,48091,0.045178299999988666,172,52,54,0.046,0.01403949999999968,99.650073,Boussole
120.25434000000035,48092,0.04253520000000717,173,55,53,0.045,0.013904200000000129,99.6529135,Boussole
120.77350000000033,48093,0.051911700000004925,172,51,55,0.045,0.013635299999999552,99.65876120000001,Boussole
121.25787000000031,48094,0.06028900000000576,171,52,55,0.045,0.013560500000000319,99.6613732,Boussole
121.75756700000034,48095,0.06225549999999712,174,51,54,0.045,0.01353949999999968,99.6618268,Boussole
122.23871900000029,48096,0.06551840000000665,171,55,56,0.044,0.013143699999999807,99.67148060000001,Boussole
122.67407200000028,48097,0.07081260000000038,171,52,56,0.045,0.01273949999999968,99.68284190000001,Boussole
123.24413700000045,48098,0.07000589999999865,171,54,54,0.0445,0.012447899999999935,99.6905941,Boussole
123.84110500000033,48099,0.06295639999999257,174,54,55,0.045,0.012452100000000065,99.6899328,Boussole
124.18928400000013,48100,0.054690799999996674,173,53,53,0.045,0.012343699999999808,99.69288060000001,Boussole
124.57042400000036,48101,0.05511760000000358,172,52,55,0.044,0.012147899999999935,99.6980941,Boussole
125.19413700000045,48102,0.0591025000000016,174,51,53,0.044,0.012308400000000256,99.69352529999999,Boussole
125.73848400000026,48103,0.05430849999999264,172.5,51.5,54,0.044,0.012447899999999935,99.6900672,Boussole
126.15550900000028,48104,0.05218650000000417,171,52,55,0.044,0.011878999999999359,99.70389560000001,Boussole
126.60170200000029,48105,0.06024950000000608,172,52,56,0.044,0.01166050000000032,99.70962529999998,Boussole
127.07516400000031,48106,0.060579899999994816,169,52,56,0.046,0.011691599999999745,99.7089285,Boussole
127.64044000000041,48107,0.05529329999999827,172,53,56,0.044,0.01123949999999968,99.7191999,Boussole
128.17676100000028,48108,0.05389579999999987,172,53,56,0.044,0.011260500000000319,99.7198463,Boussole
128.6323490000003,48109,0.059687300000007236,172,52,56,0.043,0.01123949999999968,99.7202537,Boussole
129.16022200000037,48110,0.06608990000000121,170,53,56,0.044,0.011052100000000065,99.7243269,Boussole
129.6051990000002,48111,0.06304039999999514,171,53,53,0.044,0.011152100000000064,99.72265379999999,Boussole
130.00912200000033,48112,0.06101510000000199,173,54,51,0.044,0.011095799999999871,99.72384029999999,Boussole
130.60417900000044,48113,0.05682109999999302,173,54,56,0.044,0.011156300000000192,99.7225656,Boussole
131.15104700000026,48114,0.0542050000000032,173,53,53,0.0435,0.011404200000000128,99.7172597,Boussole
131.55387900000025,48115,0.060247000000004484,172,52,56,0.043,0.011447899999999936,99.7157731,Boussole
132.0737510000004,48116,0.06813270000000557,174,53,52,0.043,0.011295799999999872,99.7190613,Boussole
132.66880200000037,48117,0.06865299999999552,173,51,55,0.044,0.011095799999999871,99.72384029999999,Boussole
133.17088700000028,48118,0.06243449999999648,175,50,54,0.043,0.011052100000000065,99.72480589999999,Boussole
133.6324750000003,48119,0.05620509999999558,173.5,52,54,0.0435,0.011047899999999935,99.7248941,Boussole
134.13196200000036,48120,0.050086599999996546,172,54,54,0.043,0.011104200000000128,99.7236597,Boussole
134.6451050000003,48121,0.03806989999998841,174,52,57,0.043,0.011408400000000256,99.71602529999998,Boussole
135.1891800000004,48122,0.03596460000000807,171,52,53,0.044,0.011131099999999424,99.72210150000001,Boussole
135.72645800000032,48123,0.050700700000010694,169,52,54,0.044,0.010908400000000255,99.72791939999999,Boussole
136.18382000000025,48124,0.06083610000000263,170,55,56,0.045,0.011047899999999935,99.7254672,Boussole
136.66321400000035,48125,0.05847569999999468,174,51,55,0.044,0.011,99.727,Boussole
137.21128100000035,48126,0.054812600000000385,173,51,54,0.043,0.011208400000000255,99.7219463,Boussole
137.7384160000003,48127,0.05301599999999744,172,55,55,0.044,0.011295799999999872,99.71954029999999,Boussole
138.2193070000003,48128,0.05235040000000154,174,51,55,0.044,0.010939499999999679,99.7272268,Boussole
138.6863070000003,48129,0.0626175000000112,173,54,55,0.044,0.010856300000000192,99.7284925,Boussole
139.20019700000037,48130,0.06651939999999448,173,53,56,0.0445,0.011208400000000255,99.7204194,Boussole
139.76813800000036,48131,0.06229579999999987,172,53,57,0.044,0.0114,99.716821,Boussole
140.26486200000028,48132,0.0536555999999895,171,52,54,0.044,0.0114,99.7173,Boussole
140.65977000000024,48133,0.04439329999999827,173,53,53,0.044,0.0114,99.7173,Boussole
141.14022200000036,48134,0.047059600000004864,172,55,57,0.044,0.011347899999999935,99.7178731,Boussole
141.77796900000044,48135,0.05617050000000672,172,52.5,57,0.0455,0.011352100000000065,99.71782689999999,Boussole
142.27940900000021,48136,0.06073109999999942,172,50,57,0.045,0.011347899999999935,99.7178731,Boussole
142.6037200000002,48137,0.06410330000000466,173,53,55,0.044,0.0113,99.7184,Boussole
143.09877600000044,48138,0.0662974999999984,172,53,55,0.044,0.010883199999999487,99.72902840000002,Boussole
143.71570100000037,48139,0.060619399999994494,170,53,55,0.043,0.010968900000000576,99.7270775,Boussole
144.1596780000002,48140,0.05821930000000211,169,52,56,0.0465,0.01087899999999936,99.72916870000002,Boussole
144.60167600000037,48141,0.05693449999999648,170,50,54,0.044,0.0104,99.741,Boussole
145.1910200000004,48142,0.05159079999999667,169,53,56,0.043,0.0104,99.73985379999999,Boussole
145.6562830000002,48143,0.046442899999996734,171,52,58,0.053,0.0104,99.7399462,Boussole
146.03555100000028,48144,0.04488570000000108,170,54,55,0.044,0.0104,99.741,Boussole
146.61138900000046,48145,0.056693100000013506,170,55,55,0.044,0.0104,99.73985379999999,Boussole
147.2005590000003,48146,0.0662268999999993,172,54,56,0.043,0.0104,99.7388,Boussole
147.57119100000017,48147,0.0617924999999952,172,53,56,0.043,0.0104,99.7399462,Boussole
147.97556700000032,48148,0.05627229999999763,172,52,55,0.044,0.010452100000000065,99.7387597,Boussole
148.60468300000048,48149,0.05215549999999712,170,52,55,0.043,0.011177300000000832,99.72101789999998,Boussole
149.2062900000003,48150,0.05557470000000685,174,54,54,0.044,0.014092400000002817,99.64850849999992,Boussole
149.5874010000002,48151,0.05908489999999801,173,53,55,0.0435,0.014584899999998015,99.63532120000005,Boussole
149.9574920000003,48152,0.052598399999993856,172,52,56,0.044,0.01169329999999827,99.70751960000005,Boussole
150.5746490000005,48153,0.050657100000003265,171,51,55,0.043,0.0104,99.7399,Boussole
151.23528100000036,48154,0.056486500000004165,171,51,54,0.044,0.010452100000000065,99.7388059,Boussole
151.6003850000001,48155,0.05824539999999834,170,53,56,0.044,0.010604200000000128,99.7355597,Boussole
151.9406430000003,48156,0.055280699999997886,170,53,56,0.044,0.0107,99.7329269,Boussole
152.52159100000043,48157,0.05640920000000333,172,53,55,0.043,0.010543699999999807,99.7357344,Boussole
153.12590300000033,48158,0.05936890000000058,173,54,56,0.044,0.010504200000000128,99.7365597,Boussole
153.6131560000003,48159,0.055267299999994426,170,54,55,0.044,0.010495799999999871,99.7373134,Boussole
154.0757270000003,48160,0.04672359999999462,172,52,56,0.044,0.010243699999999807,99.7438075,Boussole
154.5528280000003,48161,0.04572180000000371,172,55,57,0.043,0.009995799999999872,99.7501613,Boussole
155.09012100000038,48162,0.05709650000001057,171,51,54,0.043,0.010108400000000257,99.7471253,Boussole
155.61036600000028,48163,0.059529499999993275,174,52,54,0.044,0.0103,99.742,Boussole
155.99019900000022,48164,0.049289999999993596,173,51,53,0.043,0.010873100000000704,99.72861029999999,Boussole
156.4743560000004,48165,0.0452294000000009,169,54,57,0.044,0.01087899999999936,99.72802250000001,Boussole
157.1259860000004,48166,0.05262090000000826,170,53.5,56,0.045,0.010452100000000065,99.7377059,Boussole
157.70289500000032,48167,0.0588,171,53,55,0.044,0.010343699999999808,99.7411806,Boussole
158.04941000000014,48168,0.059894100000001345,171,52,56,0.044,0.010043699999999808,99.7497285,Boussole
158.35735800000026,48169,0.06251510000000199,170,53,57,0.044,0.009952100000000064,99.7521328,Boussole
158.97469900000053,48170,0.06004039999999514,170,52,57,0.043,0.010156300000000193,99.7461194,Boussole
159.6915830000004,48171,0.06655950000001248,172,53,55,0.044,0.010247899999999937,99.74314620000001,Boussole
160.09836800000014,48172,0.07157569999999468,174,52,56,0.044,0.010252100000000064,99.7436269,Boussole
160.41682000000026,48173,0.062337899999993535,172,51,56,0.044,0.010508400000000256,99.7380984,Boussole
160.96602800000042,48174,0.05343619999999501,172,57,56,0.043,0.010647899999999936,99.73459410000001,Boussole
161.5350380000003,48175,0.047980699999997885,170,54,56,0.044,0.010443699999999808,99.7395075,Boussole
162.03648300000035,48176,0.056976300000013,172,52,56,0.044,0.0103,99.7431,Boussole
162.6204400000004,48177,0.06633529999999956,173,51,55,0.0435,0.010143699999999808,99.7464344,Boussole
163.05620800000017,48178,0.06308239999999642,169,54,57,0.044,0.010052100000000064,99.748979,Boussole
163.36099700000025,48179,0.06138990000000122,171,55,55,0.043,0.010204200000000128,99.7451135,Boussole
163.97693400000054,48180,0.06162269999999917,170,52,55,0.044,0.010352100000000064,99.7403328,Boussole
164.65066800000034,48181,0.067512500000008,172,50,56,0.044,0.010191599999999744,99.74437470000001,Boussole
164.93203300000005,48182,0.06448669999998892,172,51,55.5,0.044,0.010364700000000449,99.74111189999999,Boussole
165.25511300000036,48183,0.05208409999999494,172,52,55,0.0435,0.010804200000000128,99.7311597,Boussole
165.96232900000055,48184,0.051999100000004544,173,54,56,0.044,0.010483199999999488,99.73806120000002,Boussole
166.59250900000026,48185,0.05388909999999814,172,52,54,0.044,0.009995799999999872,99.74968650000001,Boussole
166.8876120000001,48186,0.056720100000005186,171,54,56,0.043,0.01026470000000045,99.74326569999998,Boussole
167.2919780000004,48187,0.0633613000000034,170,51,55,0.043,0.010391599999999744,99.7395537,Boussole
167.94905300000045,48188,0.06933860000000422,173,52,56,0.0435,0.010147899999999935,99.7464403,Boussole
168.4529300000002,48189,0.06755049999999392,171,50,56,0.044,0.009943699999999807,99.7518344,Boussole
168.88504600000033,48190,0.057112699999992765,172,50,58,0.043,0.010008400000000256,99.7493253,Boussole
169.4751290000004,48191,0.04972019999999757,170,50,54,0.043,0.009991599999999745,99.75034780000001,Boussole
169.97095500000023,48192,0.05545450000000928,170,53,58,0.044,0.009747899999999936,99.7570941,Boussole
170.35825700000026,48193,0.057398399999993854,171,54,53,0.043,0.010064700000000449,99.74861779999999,Boussole
170.93207800000047,48194,0.05029919999999693,172,57,55,0.044,0.010347899999999936,99.7415672,Boussole
171.55681900000036,48195,0.05039660000000295,172,51,56,0.044,0.0103,99.7425269,Boussole
171.92180500000015,48196,0.05322520000000077,172,54,56,0.044,0.010352100000000064,99.741479,Boussole
172.30029800000034,48197,0.05213279999999795,170,52,55,0.043,0.01013949999999968,99.74766880000001,Boussole
172.95604400000047,48198,0.05398650000000416,170,51,54.5,0.044,0.010108400000000257,99.74765219999999,Boussole
173.50070300000021,48199,0.05616219999999885,170,50,54,0.044,0.010247899999999937,99.74314620000001,Boussole
173.8150480000002,48200,0.057175600000002304,172,53,58,0.044,0.0102,99.7442,Boussole
174.2697680000004,48201,0.05692019999999757,170,51,57,0.043,0.0102,99.7442,Boussole
174.85640700000036,48202,0.05124459999999526,171,53,54,0.043,0.010095799999999872,99.74696130000001,Boussole
175.3671390000003,48203,0.048168900000000577,170,54,56,0.044,0.009947899999999937,99.7517403,Boussole
175.84697900000032,48204,0.0499025000000016,172,50,57,0.0435,0.0099,99.75327899999999,Boussole
176.37828100000036,48205,0.05083949999999968,171,52,57,0.044,0.0099,99.7522269,Boussole
176.8965590000003,48206,0.04710929999999571,171,53,56,0.046,0.010368900000000576,99.74107159999998,Boussole
177.30887100000024,48207,0.04530670000000173,175,51,53,0.043,0.010122699999999167,99.74750310000002,Boussole
177.77761700000036,48208,0.052226800000006915,172,52,56,0.043,0.009447899999999936,99.7640672,Boussole
178.43276700000047,48209,0.053961399999995774,170,51,58,0.043,0.0094,99.7656,Boussole
178.97845900000024,48210,0.05100840000000026,170,53,56,0.043,0.0094,99.7650269,Boussole
179.31265300000018,48211,0.05614950000000608,169,53,55,0.043,0.009347899999999935,99.7667403,Boussole
179.80050700000044,48212,0.05773029999999635,168,53,54,0.043,0.009247899999999936,99.7699462,Boussole
180.48105300000043,48213,0.05333279999999795,172,55,53,0.043,0.009252100000000063,99.7692807,Boussole
181.03286200000028,48214,0.05372770000000237,171,54.5,53,0.043,0.0093,99.7682731,Boussole
181.40328300000021,48215,0.05972010000000519,170,54,53,0.042499999999999996,0.009352100000000065,99.7671328,Boussole
181.87528900000038,48216,0.06162019999999757,171,54,55,0.043,0.009139499999999679,99.77174780000001,Boussole
182.5004400000004,48217,0.05495469999999405,170,54,53,0.043,0.009004200000000129,99.7757328,Boussole
183.0497860000003,48218,0.04898909999999815,169,54,54,0.043,0.0088915999999997445,99.77920160000001,Boussole
183.56163400000034,48219,0.05364360000000743,172,54,56,0.043,0.008960500000000319,99.77713119999999,Boussole
184.08541600000032,48220,0.0560218999999961,173,50,56,0.043,0.009095799999999871,99.7731882,Boussole
184.60381900000036,48221,0.05091179999999731,170,52,54,0.044,0.009156300000000192,99.7718656,Boussole
185.1933560000004,48222,0.048639499999999676,170,53,57,0.044,0.0093,99.7682269,Boussole
185.6652410000002,48223,0.04464879999999539,171,54,55,0.044,0.009352100000000065,99.7660328,Boussole
186.0539710000003,48224,0.04552430000000532,170,53,56,0.044,0.009712600000000385,99.75725809999999,Boussole
186.65814500000047,48225,0.048510099999998786,172,54,57,0.0445,0.010312600000000385,99.742785,Boussole
187.2734160000003,48226,0.05051760000000358,172,54,56,0.044,0.010391599999999744,99.7406016,Boussole
187.70898000000022,48227,0.056794900000004415,171,54,56,0.044,0.010252100000000064,99.7435328,Boussole
188.15827300000032,48228,0.05723449999999648,169,53,54,0.045,0.010352100000000064,99.7409059,Boussole
188.7473390000004,48229,0.05439159999999974,171,54,56,0.045,0.010295799999999872,99.7421403,Boussole
189.3235000000003,48230,0.058941100000005825,171.5,54,56,0.045,0.010356300000000193,99.7402925,Boussole
189.7182580000002,48231,0.05944459999999526,172,54,56,0.045,0.010656300000000193,99.7333135,Boussole
190.15015500000035,48232,0.04646989999998841,172,53,55,0.045,0.010747899999999935,99.7313462,Boussole
190.81248100000047,48233,0.0431663000000066,170,49,54,0.045,0.010543699999999807,99.7357344,Boussole
191.43333200000032,48234,0.04830840000000026,171,53,56,0.045,0.0104,99.7399462,Boussole
191.77736800000014,48235,0.04938570000000109,169,52,58,0.045,0.0104,99.73985379999999,Boussole
192.10363500000028,48236,0.04712609999999622,169,52,55,0.045,0.010452100000000065,99.7382269,Boussole
192.66263300000045,48237,0.03815219999999245,169,52,53,0.045,0.010552100000000064,99.7360328,Boussole
193.35491000000044,48238,0.03776210000000647,171,51,56,0.044,0.010495799999999871,99.7367403,Boussole
193.95445800000033,48239,0.05124860000001063,170,54,56,0.045,0.010347899999999936,99.7404672,Boussole
194.30970400000015,48240,0.05940840000000026,173,52,56,0.045,0.010247899999999937,99.74371930000001,Boussole
194.61602200000024,48241,0.06079830000000147,171,53,57,0.0445,0.010252100000000064,99.7435807,Boussole
195.17255700000047,48242,0.05908659999999654,171,53,56,0.044,0.010508400000000256,99.73699839999999,Boussole
195.90414500000048,48243,0.05905290000000314,172,51,55,0.044,0.010491599999999743,99.73797470000001,Boussole
196.46627400000025,48244,0.06061849999999904,171,52,56,0.045,0.010404200000000129,99.7403387,Boussole
196.74721700000012,48245,0.060629400000000895,172,50,52,0.044,0.0105,99.7378,Boussole
197.14407900000037,48246,0.0631756000000023,171,52,55,0.044,0.010343699999999808,99.741134400000007,Boussole
197.87593400000054,48247,0.06542100000000065,170,54,58,0.045,0.0102,99.7447731,Boussole
198.51059300000026,48248,0.05803289999999033,173,54,57,0.045,0.0102,99.7447269,Boussole
198.8013600000001,48249,0.04981009999999878,172,53,56,0.044,0.0102,99.7442,Boussole
199.18591100000037,48250,0.05572510000000839,169,53,54,0.044,0.009991599999999745,99.74977470000002,Boussole
199.82223800000043,48251,0.0631462000000014,170,54,56,0.044,0.010008400000000256,99.7493253,Boussole
200.3991640000003,48252,0.058260599999992696,172,50,55,0.0445,0.0102,99.74529410000001,Boussole
200.90921400000033,48253,0.04727739999999321,173,57,54,0.044,0.010095799999999872,99.7479672,Boussole
201.4062230000003,48254,0.04022019999999757,172,51,54,0.044,0.010052100000000064,99.7478328,Boussole
201.8812060000003,48255,0.0436100000000064,171,53,53,0.044,0.009839499999999678,99.75302090000001,Boussole
202.44639800000041,48256,0.050015100000001984,169,54,56,0.044,0.009808400000000255,99.7547194,Boussole
203.01250000000033,48257,0.05952340000000986,169,53,54,0.044,0.01,99.7500269,Boussole
203.46196300000025,48258,0.06460759999999718,169,54,53,0.044,0.009843699999999808,99.7539806,Boussole
203.95509600000037,48259,0.060259699999997245,171,53,54,0.044,0.009752100000000064,99.7570059,Boussole
204.53943200000037,48260,0.061378100000003905,170,54,57,0.044,0.010164700000000448,99.74594469999998,Boussole
205.08193700000032,48261,0.055703499999989435,172,54,55,0.044,0.010447899999999935,99.7383672,Boussole
205.5502820000003,48262,0.04399669999999533,171,52,55,0.044,0.010191599999999744,99.7449016,Boussole
206.0058280000003,48263,0.041333600000001025,170,50,55,0.044,0.009791599999999744,99.7556478,Boussole
206.53061700000035,48264,0.048091500000007364,171,53,56,0.044,0.009652100000000064,99.75905970000001,Boussole
207.12220500000038,48265,0.055579800000002434,171,55,55,0.045,0.009543699999999808,99.7609075,Boussole
207.6662480000003,48266,0.054638699999996605,169,52,57,0.044,0.009660500000000322,99.75783119999998,Boussole
208.1302820000003,48267,0.04756729999999443,170,52,55,0.044,0.009743699999999808,99.75560750000001,Boussole
208.6681460000004,48268,0.045379800000002433,171,52,53,0.0445,0.009704200000000128,99.75695970000001,Boussole
209.2269370000003,48269,0.04970080000000307,170,53,56,0.044,0.009591599999999744,99.7599016,Boussole
209.64839200000023,48270,0.052468900000000575,171,53,54,0.044,0.009608400000000256,99.7600715,Boussole
210.16190200000042,48271,0.04946139999999578,171,53,55,0.044,0.009852100000000065,99.7543328,Boussole
210.81139800000042,48272,0.04682100000000064,170,52,54,0.044,0.00963949999999968,99.7600419,Boussole
211.2884090000002,48273,0.05464610000000903,168,54,57,0.044,0.009347899999999935,99.767221,Boussole
211.6913910000003,48274,0.06786040000000794,170,52,59,0.044,0.009404200000000128,99.7655118,Boussole
212.2301210000004,48275,0.07140339999999705,169,52,57,0.045,0.009656300000000192,99.7595925,Boussole
212.80350800000036,48276,0.06237489999999161,169,52,55,0.043,0.009747899999999936,99.756521,Boussole
213.2842990000003,48277,0.04484639999998617,170,54,55,0.044,0.009804200000000129,99.7553328,Boussole
213.69131600000026,48278,0.04038730000000724,171,56,55,0.044,0.00963949999999968,99.7599478,Boussole
214.2941530000005,48279,0.04751930000000211,171,52,54,0.044,0.009347899999999935,99.7672672,Boussole
214.94023100000032,48280,0.046026099999996226,170,53,56,0.044,0.0093,99.7682269,Boussole
215.183958,48281,0.042210099999998786,171,52,55,0.044,0.009352100000000065,99.7666059,Boussole
215.49664200000038,48282,0.04588480000000564,169,52,57,0.044,0.009347899999999935,99.76669410000001,Boussole
216.3627890000007,48283,0.056039400000007296,172,55,54,0.044,0.009560500000000319,99.7616043,Boussole
217.05446800000018,48284,0.05899919999999693,169,54,55,0.0435,0.0098,99.756,Boussole
217.1175979999999,48285,0.0600344000000041,170,54,57,0.044,0.009747899999999936,99.7570941,Boussole
217.40417900000045,48286,0.06362100000000065,172,54,56,0.044,0.0097,99.7575269,Boussole
218.3980650000008,48287,0.05529509999998918,172,50,54,0.044,0.009752100000000064,99.756479,Boussole
219.13372900000016,48288,0.045063899999997374,169,54,58,0.044,0.00953949999999968,99.7620957,Boussole
219.1712029999999,48289,0.04377730000000083,169,54,52,0.044,0.009352100000000065,99.767179,Boussole
219.4997750000005,48290,0.043931099999999425,170,53,54,0.044,0.0094,99.7667,Boussole
220.40763000000067,48291,0.0466781000000039,170,53,55,0.044,0.0094,99.7667,Boussole
221.04531700000018,48292,0.05236130000000339,169,53,53,0.044,0.009243699999999808,99.7694613,Boussole
221.2478140000001,48293,0.05380589999999866,169.5,52.5,53,0.044,0.009256300000000193,99.7686656,Boussole
221.67201100000045,48294,0.05082019999999757,170,52,53,0.044,0.009347899999999935,99.76669410000001,Boussole
222.38645600000046,48295,0.05077140000000218,172,53,53,0.043,0.009352100000000065,99.7660328,Boussole
222.92656000000022,48296,0.05365040000000154,173,50,56,0.044,0.009191599999999744,99.7706478,Boussole
223.30114800000024,48297,0.054383199999999486,168,53,55,0.043,0.009104200000000128,99.7735387,Boussole
223.7209290000003,48298,0.055510900000001855,170,55,54,0.044,0.00893949999999968,99.7770957,Boussole
224.21265100000036,48299,0.058515100000001985,174,53,55,0.044,0.009012600000000384,99.774885,Boussole
224.85201900000047,48300,0.06213610000000263,171,54,56,0.0465,0.009143699999999807,99.7716075,Boussole
225.49150800000035,48301,0.06571510000000198,170,53,55,0.044,0.009104200000000128,99.77301179999999,Boussole
225.80557900000005,48302,0.06725210000000006,171,52,55,0.043,0.009252100000000063,99.7692807,Boussole
226.08692900000028,48303,0.06667479999999923,171,53,56,0.044,0.009143699999999807,99.77218060000001,Boussole
226.76516900000055,48304,0.06245299999999552,171,52,55,0.043,0.008791599999999743,99.7807806,Boussole
227.45827300000033,48305,0.05618239999999641,168,53,53,0.0435,0.00886050000000032,99.77817909999999,Boussole
227.75922600000007,48306,0.05688650000000416,168,54,55,0.043,0.009204200000000128,99.76975970000001,Boussole
228.07362600000033,48307,0.06151090000000185,171,53,54,0.044,0.008935299999999551,99.77775530000002,Boussole
228.75468200000054,48308,0.0638899000000012,169,54,56,0.044,0.008808400000000256,99.7808522,Boussole
229.4039120000003,48309,0.05641189999998969,169.5,54,55.5,0.043,0.009,99.77577310000001,Boussole
229.7154440000001,48310,0.052555400000004734,170,54,55,0.044,0.008895799999999872,99.7785403,Boussole
230.04981100000032,48311,0.060893200000005886,169,54,55,0.043,0.008695799999999872,99.7839344,Boussole
230.7018000000005,48312,0.058370699999991484,171,56,56,0.043,0.008652100000000064,99.78475970000001,Boussole
231.28923200000025,48313,0.04600849999999264,171,51,55,0.043,0.008647899999999936,99.7843672,Boussole
231.5723430000001,48314,0.04352180000000371,167,51,57,0.044,0.008756300000000192,99.78204459999999,Boussole
232.02470000000045,48315,0.05005120000000461,169,55,56,0.043,0.008952100000000063,99.7773538,Boussole
232.70854900000043,48316,0.05464620000000141,170,54,59,0.043,0.00873949999999968,99.78302090000001,Boussole
233.1905100000002,48317,0.053042899999996736,169,52,54,0.044,0.008656300000000193,99.7847194,Boussole
233.55313100000026,48318,0.05075630000000019,169,50,54,0.043,0.00853949999999968,99.78732090000001,Boussole
234.03186100000033,48319,0.05376550000000352,170,53,55,0.043,0.008404200000000129,99.7912597,Boussole
234.65778400000045,48320,0.05718150000000096,168,54,53,0.043,0.008447899999999935,99.7902941,Boussole
235.3112470000004,48321,0.05842100000000064,170,54,56,0.043,0.0084,99.7907269,Boussole
235.70620000000014,48322,0.06004620000000141,165,50,53,0.043,0.008452100000000065,99.78967899999999,Boussole
235.9702830000002,48323,0.06099579999999987,167,54,55,0.043,0.008447899999999935,99.7902941,Boussole
236.5110610000005,48324,0.06022269999999917,168,53,54,0.043,0.008243699999999807,99.79468650000001,Boussole
237.2562290000005,48325,0.05949579999999987,167,53.5,55,0.043,0.008204200000000128,99.7955597,Boussole
237.77911500000022,48326,0.051584999999990395,166,54,56,0.046,0.008195799999999871,99.79574029999999,Boussole
238.03107400000013,48327,0.04533780000000115,167,53,57,0.043,0.008152100000000065,99.79665379999999,Boussole
238.42044900000036,48328,0.04916970000000365,171,54,57,0.042,0.007991599999999745,99.8000806,Boussole
239.05822100000046,48329,0.04840929999999571,169,50,55,0.043,0.007956300000000192,99.8008656,Boussole
239.66492000000034,48330,0.04249079999999667,170,53,54,0.043,0.007995799999999872,99.80004029999999,Boussole
240.14845000000028,48331,0.045001600000006144,172,53,56,0.042,0.00816050000000032,99.79590009999998,Boussole
240.5880300000003,48332,0.06137460000001447,172,52,56,0.042499999999999996,0.00813949999999968,99.797494,Boussole
241.01177800000028,48333,0.07079329999999827,171,53,56,0.042,0.008108400000000257,99.79914629999999,Boussole
241.51730600000036,48334,0.06788489999999801,170,51,57,0.043,0.008091599999999744,99.7984596,Boussole
242.1986490000005,48335,0.06577479999999923,170,51,55,0.042,0.0079,99.8021,Boussole
242.81708000000032,48336,0.0633243999999977,169,52,56,0.043,0.008108400000000257,99.7981404,Boussole
243.07721800000002,48337,0.05722359999999462,171,53,54,0.043,0.007883199999999488,99.80403430000001,Boussole
243.3524750000003,48338,0.05820160000000614,171,52,56,0.042,0.007447899999999936,99.8133731,Boussole
244.11610900000068,48339,0.06274789999999994,171,53,55,0.042,0.007660500000000321,99.8077522,Boussole
244.83355100000028,48340,0.0608243999999977,169,51,55,0.043,0.007847899999999935,99.8042882,Boussole
244.99571499999996,48341,0.055036199999995004,170.5,51.5,54.5,0.043,0.008112600000000384,99.79791189999999,Boussole
245.27124700000041,48342,0.048642899999996735,172,52,54,0.043,0.00813949999999968,99.79639990000001,Boussole
246.1335370000007,48343,0.04609579999999987,169,53,57,0.043,0.007743699999999808,99.8065806,Boussole
246.7621580000001,48344,0.04850080000000307,170,52,57,0.044,0.00786050000000032,99.80397909999999,Boussole
246.87627700000002,48345,0.04663199999999487,170,54,55,0.042,0.007943699999999807,99.8011344,Boussole
247.3774880000006,48346,0.045717600000003585,171,54,56,0.043,0.007643699999999807,99.8081075,Boussole
248.18201100000044,48347,0.04605549999999712,170,53,58,0.043,0.007916800000000512,99.80273879999999,Boussole
248.55780600000006,48348,0.04082609999999622,171,52,55,0.042499999999999996,0.008195799999999871,99.7962193,Boussole
248.88971800000036,48349,0.039042000000001284,172,54,55,0.042,0.007891599999999744,99.8033747,Boussole
249.5493130000005,48350,0.03624879999999539,172,54,57,0.043,0.007908400000000256,99.8028732,Boussole
250.12934100000027,48351,0.03269579999999987,169,53,54,0.043,0.007891599999999744,99.80332680000001,Boussole
250.47167000000016,48352,0.0378100000000064,170,53,55,0.043,0.007908400000000256,99.80344629999999,Boussole
250.8401390000003,48353,0.042912600000000384,167,56,55,0.042499999999999996,0.007891599999999744,99.80328060000001,Boussole
251.44970800000047,48354,0.04476300000000192,168,52,56,0.043,0.007804200000000128,99.8046387,Boussole
252.13414600000038,48355,0.05021170000000493,170,53,55,0.042,0.007847899999999935,99.8037672,Boussole
252.54549400000013,48356,0.06046460000000807,170,55,55,0.043,0.007747899999999936,99.8069672,Boussole
252.8860970000003,48357,0.0698344000000041,169.5,55,55,0.043,0.0077,99.8085,Boussole
253.45667500000042,48358,0.0723268999999993,169,55,55,0.042499999999999996,0.007908400000000256,99.80344629999999,Boussole
254.03529000000032,48359,0.069351299999997,168,54,55,0.043,0.007943699999999807,99.8021865,Boussole
254.4997610000003,48360,0.06267149999999456,171,50,54,0.042,0.008008400000000256,99.8008194,Boussole
255.02776800000038,48361,0.06057980000000243,170,51,56,0.042,0.007991599999999745,99.8017537,Boussole
255.5732480000003,48362,0.0596386999999966,171,53,52,0.043,0.007643699999999807,99.8091613,Boussole
256.01331600000026,48363,0.05470339999999705,169,52,58,0.042,0.007447899999999936,99.81284620000001,Boussole
256.5051800000004,48364,0.05687640000000538,170,53,53,0.042,0.007556300000000193,99.8110866,Boussole
257.0414160000003,48365,0.05819079999999667,172,52,57,0.043,0.007543699999999808,99.8118344,Boussole
257.5150130000003,48366,0.054136999999998076,170,52,54,0.043,0.007347899999999936,99.8160462,Boussole
258.0628350000004,48367,0.05655540000000474,169,52,58,0.044,0.007508400000000256,99.81204629999999,Boussole
258.5712320000003,48368,0.06181930000000211,171,53,54,0.043,0.008377300000000832,99.79062379999998,Boussole
258.94760200000024,48369,0.05798159999999334,169,54,57,0.043,0.00873949999999968,99.7819209,Boussole
259.4424570000004,48370,0.047842099999993656,169,53,53,0.043,0.008083199999999489,99.79872840000002,Boussole
260.04539000000034,48371,0.044715100000001985,170,51,54,0.043,0.007543699999999808,99.8118865,Boussole
260.57964300000026,48372,0.04588739999999961,170,53,56,0.042,0.007452100000000064,99.81385379999999,Boussole
261.01627400000024,48373,0.04721510000000199,171,53.5,55.5,0.043,0.007552100000000064,99.8111328,Boussole
261.4498700000003,48374,0.04916890000000058,172,54,55,0.042499999999999996,0.007495799999999872,99.8129344,Boussole
261.97040700000036,48375,0.0490268999999993,169,52,54,0.042,0.0074,99.815479,Boussole
262.5655410000004,48376,0.04818739999999962,169,51,54,0.042,0.007347899999999936,99.815521,Boussole
263.13756700000033,48377,0.04691009999999878,170,53,53,0.043,0.007404200000000128,99.8143328,Boussole
263.59006400000027,48378,0.050636900000005695,169,55,56,0.042,0.007395799999999872,99.81504029999999,Boussole
264.0272060000003,48379,0.054743699999999805,169,54,56,0.042,0.007195799999999872,99.8199134,Boussole
264.55853300000035,48380,0.0538705999999991,176,54,55,0.043,0.007256300000000193,99.8180194,Boussole
265.0721390000003,48381,0.04934459999999526,181,54,56,0.043,0.0074,99.8144731,Boussole
265.56760900000035,48382,0.04371599999999744,180,54,54,0.043,0.007347899999999936,99.8160941,Boussole
266.1481880000004,48383,0.03742359999999462,181,52,57,0.043,0.007404200000000128,99.8148597,Boussole
266.70220600000033,48384,0.03793270000000557,177,52,57,0.042,0.007552100000000064,99.8111328,Boussole
267.09807300000017,48385,0.043715100000001984,180,50,55,0.042,0.007495799999999872,99.8124134,Boussole
267.4980800000003,48386,0.04358489999999801,180,52,55,0.042,0.007504200000000128,99.8121866,Boussole
268.09634700000043,48387,0.05027970000001005,172,56,54,0.042,0.007912600000000384,99.8028791,Boussole
268.78407000000044,48388,0.06108230000000404,175.5,54.5,54.5,0.042,0.007731099999999424,99.80790150000001,Boussole
269.2665100000002,48389,0.06055719999999565,179,53,55,0.043,0.0074563000000001925,99.8137194,Boussole
269.58224100000024,48390,0.052975699999994685,179,54,55,0.042499999999999996,0.007495799999999872,99.8123613,Boussole
270.0824650000004,48391,0.04993780000000115,180,54,55,0.043,0.007556300000000193,99.8115656,Boussole
270.8162370000005,48392,0.049966399999998974,180,52,54,0.043,0.007543699999999808,99.8113134,Boussole
271.3782660000002,48393,0.04482359999999462,181,54,54,0.042,0.007556300000000193,99.8105135,Boussole
271.59610000000004,48394,0.039028599999997825,180,53,55,0.043,0.007491599999999744,99.8124537,Boussole
272.01182600000044,48395,0.048757800000013965,179,53,57,0.043,0.0073,99.81767310000001,Boussole
272.78659800000054,48396,0.057532799999997955,180,53,57,0.042,0.0073,99.8182,Boussole
273.3052250000001,48397,0.05532269999999917,180,51,57,0.043,0.0075605000000003204,99.8120522,Boussole
273.55888000000016,48398,0.05829490000000442,179,54,55,0.043,0.007643699999999807,99.8097344,Boussole
274.0905230000005,48399,0.05909919999999693,182,53,54,0.043,0.0075,99.8128,Boussole
274.7430710000004,48400,0.049974899999991614,177,53,56,0.043,0.0077084000000002565,99.80722529999998,Boussole
275.14506500000016,48401,0.04005299999999552,178,53,55,0.043,0.008004200000000128,99.80038069999999,Boussole
275.54813000000036,48402,0.037898300000001474,180,53,54,0.044,0.007787399999999616,99.8055209,Boussole
276.1963970000005,48403,0.039833600000001024,175,52,54,0.043,0.007604200000000128,99.8094597,Boussole
276.8153320000003,48404,0.03997479999999923,178,52,55,0.042,0.007647899999999936,99.80854620000001,Boussole
277.1765610000001,48405,0.039347899999999936,181,52,56,0.044,0.007704200000000128,99.8067866,Boussole
277.59261700000036,48406,0.04138400000000256,181,54,54,0.044,0.008008400000000256,99.79971939999999,Boussole
278.20921300000043,48407,0.0472075000000048,179,52,57,0.044,0.008252100000000064,99.79450589999999,Boussole
278.8319950000004,48408,0.05132100000000064,180,52,55,0.044,0.008404200000000129,99.7906866,Boussole
279.3733320000003,48409,0.052216800000000514,181,54,57,0.044,0.008395799999999872,99.7914344,Boussole
279.72153600000013,48410,0.05504870000000301,181,53,55,0.044,0.008404200000000129,99.7917387,Boussole
280.1714650000004,48411,0.05667479999999923,179,50,56,0.045,0.008656300000000193,99.7852925,Boussole
280.94327000000055,48412,0.05933020000000397,180,55,54,0.0445,0.0088,99.7811269,Boussole
281.47357800000015,48413,0.05802779999999475,178,52,55,0.044,0.00906050000000032,99.7744522,Boussole
281.68636800000013,48414,0.05368319999999949,180,52,55,0.045,0.009143699999999807,99.7721344,Boussole
282.1887330000005,48415,0.05189329999999827,179,53,56,0.045,0.009104200000000128,99.7724387,Boussole
282.9518340000005,48416,0.05216300000000192,181,51,55,0.045,0.0092,99.7704731,Boussole
283.4635690000002,48417,0.058184800000005636,179,50,54,0.0445,0.009095799999999871,99.7731882,Boussole
283.74683800000014,48418,0.06151429999999891,180,52,56,0.045,0.009,99.7752,Boussole
284.2348010000004,48419,0.06413860000000422,180,52,58,0.045,0.008947899999999936,99.7763462,Boussole
284.98769900000053,48420,0.0661537999999986,180,52.5,56.5,0.045,0.009004200000000129,99.7757328,Boussole
285.5722490000002,48421,0.06160929999999571,180,53,55,0.045,0.008943699999999808,99.77753440000001,Boussole
285.8396540000001,48422,0.05761849999999904,179,54,55,0.0445,0.0088,99.7806,Boussole
286.2408100000004,48423,0.05611849999999904,180,53,54,0.044,0.008956300000000193,99.77726559999999,Boussole
286.9440690000005,48424,0.05920330000000468,179,52,53,0.045,0.008839499999999681,99.7802957,Boussole
287.61167600000033,48425,0.06368990000000121,180,52,55,0.046,0.008495799999999871,99.7881403,Boussole
287.98949400000015,48426,0.06699660000000295,181,53,56,0.044,0.008556300000000192,99.7868656,Boussole
288.3243660000003,48427,0.06836639999999897,182,54,55,0.045,0.008804200000000128,99.7815597,Boussole
288.90843100000046,48428,0.06327569999999469,180,56,56,0.044,0.008847899999999936,99.7806462,Boussole
289.5725410000004,48429,0.055392499999995196,181,55,56,0.044,0.0088,99.7811269,Boussole
290.11174400000033,48430,0.05060169999999853,182,53,55,0.044,0.008591599999999745,99.78617470000002,Boussole
290.5085350000002,48431,0.04554039999999514,181,52,54,0.044,0.008504200000000128,99.7884866,Boussole
290.9222060000003,48432,0.03992019999999757,182,51,55,0.045,0.008495799999999871,99.7887134,Boussole
291.53428800000046,48433,0.04205960000000487,178,52,55,0.044,0.0084,99.7907269,Boussole
292.15756700000037,48434,0.045022699999999166,180,51,55,0.044,0.0084,99.79077310000001,Boussole
292.5610900000002,48435,0.04919320000000589,180,52,56,0.044,0.008504200000000128,99.78905970000001,Boussole
292.93080300000025,48436,0.058028500000005444,180.5,53,55.5,0.044,0.008547899999999936,99.7881462,Boussole
293.5582370000005,48437,0.060380699999997886,181,54,55,0.044,0.008656300000000193,99.7852925,Boussole
294.22081900000035,48438,0.06536460000000807,178,51,54,0.044,0.008747899999999935,99.782221,Boussole
294.53318400000006,48439,0.06660679999999411,179,53,58,0.044,0.008647899999999936,99.7843672,Boussole
294.84610500000036,48440,0.05276989999998841,185,53,54,0.044,0.008443699999999808,99.7903806,Boussole
295.5032370000005,48441,0.045715100000001986,179,52,54,0.043,0.008195799999999871,99.7962193,Boussole
296.18249100000037,48442,0.04834620000000141,179,52,56,0.044,0.008152100000000065,99.7972269,Boussole
296.5862500000002,48443,0.04314799999999232,180,52,56,0.044,0.008043699999999808,99.8000344,Boussole
296.9326350000003,48444,0.0459444000000105,183,53,57,0.0435,0.007691599999999744,99.80758060000001,Boussole
297.5254980000005,48445,0.05729070000000429,178,52,56,0.044,0.007447899999999936,99.8133672,Boussole
298.1770120000004,48446,0.06498060000000551,182,52,54,0.043,0.007764700000000448,99.80599089999998,Boussole
298.5984430000002,48447,0.06592189999999609,179,51,55,0.044,0.008256300000000192,99.7938404,Boussole
299.01013000000034,48448,0.06378150000000096,179,54,55,0.044,0.0084,99.7913462,Boussole
299.6474560000005,48449,0.06538570000000109,175,53,53,0.044,0.008243699999999807,99.7952134,Boussole
300.2474750000003,48450,0.060156399999992574,175,52,54,0.044,0.008204200000000128,99.79608069999999,Boussole
300.6479720000002,48451,0.05684030000000276,178,53,56,0.044,0.008247899999999937,99.79564620000001,Boussole
301.1477340000004,48452,0.059160500000000324,177,52.5,56.5,0.044,0.008252100000000064,99.7950328,Boussole
301.7788100000004,48453,0.06117140000000217,176,52,57,0.043,0.008247899999999937,99.7945941,Boussole
302.22782100000023,48454,0.05847569999999468,174,54,57,0.044,0.007991599999999745,99.8006537,Boussole
302.6627180000004,48455,0.05283279999999795,175,54,54,0.044,0.007956300000000192,99.80139249999999,Boussole
303.2728180000004,48456,0.052967200000002046,176,53,55,0.044,0.008152100000000065,99.79665379999999,Boussole
303.7922320000003,48457,0.048508499999992634,176,52,54,0.044,0.008147899999999935,99.7967462,Boussole
304.27384400000034,48458,0.04586550000000352,173,51,55,0.044,0.008360500000000319,99.79107909999999,Boussole
304.85191100000037,48459,0.04594709999999686,175,53,55,0.044,0.008704200000000129,99.7832328,Boussole
305.32203900000025,48460,0.03802529999999315,175,53,55,0.0435,0.008591599999999745,99.7861285,Boussole
305.77950800000036,48461,0.035244500000002885,178,55,54,0.044,0.00813949999999968,99.797494,Boussole
306.40722100000045,48462,0.04115120000000461,181,52,58,0.044,0.00816050000000032,99.79690599999999,Boussole
306.9727610000003,48463,0.047309200000003326,179,50,57,0.044,0.008347899999999936,99.7919193,Boussole
307.37677000000025,48464,0.045579899999994816,179,54,56,0.044,0.008352100000000064,99.7923538,Boussole
307.84836500000034,48465,0.03883449999999648,181,51,56,0.044,0.008243699999999807,99.79468650000001,Boussole
308.5081870000005,48466,0.04385870000000942,180,52,55,0.043,0.008152100000000065,99.79665379999999,Boussole
309.07596300000023,48467,0.05584950000000608,181,52,54,0.044,0.008304200000000128,99.7933597,Boussole
309.39195600000016,48468,0.05769079999999667,182,52,55,0.044,0.0084,99.7918731,Boussole
309.8327090000004,48469,0.05577310000000071,183,52,56,0.044,0.008347899999999936,99.7934941,Boussole
310.48723800000045,48470,0.05473699999999808,181,51,56,0.044,0.0083,99.7945,Boussole
311.0485340000003,48471,0.054915100000001986,181,52,54,0.044,0.0083,99.793979,Boussole
311.4936770000003,48472,0.058015100000001985,179,51,55,0.044,0.008352100000000064,99.7923538,Boussole
311.99580200000037,48473,0.05835379999999859,179,51,55,0.044,0.008191599999999744,99.7957806,Boussole
312.4900720000003,48474,0.05182949999999328,182,53,56,0.044,0.007791599999999744,99.8049537,Boussole
312.93145000000027,48475,0.049873900000003774,181,50,55,0.044,0.00786050000000032,99.8039732,Boussole
313.5007590000004,48476,0.0558781000000039,182,53,56,0.044,0.008204200000000128,99.7965597,Boussole
314.17454900000047,48477,0.055569799999996033,178,53,57,0.043,0.008247899999999937,99.79564620000001,Boussole
314.66484600000024,48478,0.050255499999997115,182,53,54,0.044,0.008147899999999935,99.7972731,Boussole
314.89862900000014,48479,0.045599199999996926,181,55,55,0.044,0.008152100000000065,99.7972269,Boussole
315.3826320000005,48480,0.05022930000000851,182,52,57,0.044,0.008304200000000128,99.7933135,Boussole
316.19651400000055,48481,0.05962180000000371,181,55,57,0.044,0.008347899999999936,99.7924403,Boussole
316.63455400000004,48482,0.06114959999999846,179,52,55,0.044,0.008508400000000256,99.78835219999999,Boussole
316.8268210000002,48483,0.05604039999999513,179,53,54,0.044,0.008491599999999743,99.78775370000001,Boussole
317.4482360000006,48484,0.05531760000000359,180,52.5,53.5,0.044,0.008195799999999871,99.7957344,Boussole
318.1844910000004,48485,0.05883360000000103,181,52,53,0.044,0.008204200000000128,99.7965597,Boussole
318.50801600000005,48486,0.05762019999999757,178,52,55,0.044,0.008143699999999808,99.7973134,Boussole
318.8462810000004,48487,0.054810099999998786,181,51,56,0.044,0.008156300000000193,99.7970866,Boussole
319.5057500000005,48488,0.052649599999998464,180,53,54,0.044,0.008247899999999937,99.7950731,Boussole
320.0885090000003,48489,0.05394870000000301,181,53,58,0.044,0.007991599999999745,99.8011747,Boussole
320.5498110000003,48490,0.05177149999999456,178,50,55,0.044,0.008112600000000384,99.79848499999999,Boussole
321.08509600000036,48491,0.04644959999999846,181,52,55,0.044,0.00866050000000032,99.78463119999999,Boussole
321.5433500000002,48492,0.04727980000000243,180,53,54,0.044,0.008587399999999615,99.786315,Boussole
321.98035700000037,48493,0.05238230000000403,179,54,51,0.043,0.0083,99.7929269,Boussole
322.6041620000005,48494,0.06076630000000659,181,51,51,0.044,0.0083,99.7929731,Boussole
323.1933070000003,48495,0.06413699999999808,182,53,52,0.044,0.008091599999999744,99.7979806,Boussole
323.58580400000017,48496,0.06228319999999949,182,55,53,0.044,0.007795799999999873,99.8054344,Boussole
324.0416170000004,48497,0.0619,180,54,52,0.043,0.007856300000000193,99.80401939999999,Boussole
324.69833000000045,48498,0.06080589999999865,180,53,55,0.0435,0.00773949999999968,99.8060478,Boussole
325.31110500000034,48499,0.0538605999999927,180,53,53.5,0.043,0.007395799999999872,99.8145134,Boussole
325.76192100000026,48500,0.05220330000000467,180,53,52,0.043,0.007404200000000128,99.8148597,Boussole
326.19574400000033,48501,0.056585700000001085,179,55,54,0.043,0.007447899999999936,99.8133731,Boussole
326.7472720000004,48502,0.058337800000001154,181,53,52,0.043,0.007243699999999808,99.8178075,Boussole
327.38187700000043,48503,0.06279490000000443,180,54,53,0.043,0.007256300000000193,99.8174925,Boussole
327.88758500000023,48504,0.061515199999994365,182,53,53,0.043,0.007347899999999936,99.8155672,Boussole
328.3205170000003,48505,0.051568999999992954,181,51,52,0.043,0.007404200000000128,99.8148597,Boussole
328.8892130000004,48506,0.048331900000002495,180,53,52,0.043,0.0075,99.8122269,Boussole
329.44687000000033,48507,0.06181830000001427,179,52,53,0.044,0.007447899999999936,99.8134193,Boussole
329.87310600000023,48508,0.06734209999999366,179,54,52,0.043,0.007452100000000064,99.81385379999999,Boussole
330.43572500000045,48509,0.05629589999999225,179,52,54,0.043,0.007447899999999936,99.8144672,Boussole
331.1164400000004,48510,0.049405899999998656,179,51,54,0.043,0.0074,99.815479,Boussole
331.5131330000001,48511,0.04735799999999872,181,53,54,0.043,0.007347899999999936,99.815521,Boussole
331.8439960000003,48512,0.04968230000000403,181,52,55,0.043,0.0073521000000000645,99.816,Boussole
332.51641300000057,48513,0.0558781000000039,179,53,54,0.043,0.007452100000000064,99.8137597,Boussole
333.20165100000037,48514,0.060415100000001984,179,52,55,0.043,0.007447899999999936,99.8134193,Boussole
333.5643680000001,48515,0.055022799999991545,180,53.5,55.5,0.043,0.007295799999999872,99.8171882,Boussole
333.9380460000003,48516,0.049742000000001285,181,55,56,0.043,0.007252100000000064,99.8175328,Boussole
334.57866600000045,48517,0.05445120000000461,181,52,55,0.043,0.007404200000000128,99.8143328,Boussole
335.16888700000027,48518,0.05961930000000211,180,52,55,0.043,0.0075,99.8122269,Boussole
335.5596190000002,48519,0.060939499999999674,181,53,52,0.043,0.007447899999999936,99.81284620000001,Boussole
336.0382470000004,48520,0.05439589999999225,181,52,53,0.043,0.007452100000000064,99.81332689999999,Boussole
336.70047300000044,48521,0.05427890000000698,181,52,55,0.044,0.0075,99.8122269,Boussole
337.23893800000025,48522,0.060073100000000705,181,54,52,0.043,0.007812600000000385,99.8049791,Boussole
337.56588000000016,48523,0.058307599999997184,180,53,56,0.043,0.007943699999999807,99.8027596,Boussole
338.08814500000045,48524,0.055314299999998914,181,53,55,0.0435,0.007747899999999936,99.806921,Boussole
338.82116200000047,48525,0.052311799999997306,180,53,55,0.044,0.007647899999999936,99.80854620000001,Boussole
339.27484700000014,48526,0.048945399999998335,181,52,54,0.043,0.007756300000000192,99.8062135,Boussole
339.54801400000025,48527,0.043115199999994365,178,53,56,0.043,0.007691599999999744,99.80758060000001,Boussole
340.12271600000054,48528,0.0459856000000087,179,53,57,0.044,0.007447899999999936,99.81284620000001,Boussole
340.8317090000004,48529,0.05625120000000461,180,52,58,0.043,0.007452100000000064,99.81332689999999,Boussole
341.24918300000013,48530,0.05777229999999763,182,53,53,0.0435,0.007812600000000385,99.80498499999999,Boussole
341.5909710000003,48531,0.058084000000002564,180,52.5,54,0.044,0.007995799999999872,99.80004029999999,Boussole
342.1993130000005,48532,0.06489740000000602,178,52,55,0.043,0.007691599999999744,99.80710160000001,Boussole
342.8168530000003,48533,0.07205710000000326,180,52,55,0.043,0.0075,99.8117,Boussole
343.2416020000002,48534,0.07559410000000134,182,54,55,0.0435,0.0075,99.8117,Boussole
343.7588600000004,48535,0.07279669999999533,182,52,56,0.043,0.007656300000000192,99.8089387,Boussole
344.29538300000024,48536,0.06299589999999225,180,51,57,0.043,0.00753949999999968,99.81140160000001,Boussole
344.69598000000025,48537,0.05292779999999475,180,52,57,0.043,0.007664700000000448,99.808185,Boussole
345.22186000000045,48538,0.05186550000000352,181,51,57,0.043,0.007635299999999552,99.80881500000001,Boussole
345.8625830000004,48539,0.05439579999999987,181,53,54,0.0435,0.0073,99.816,Boussole
346.4230630000003,48540,0.050861399999995775,182,55,55,0.043,0.007247899999999936,99.8176672,Boussole
346.87500500000027,48541,0.04754369999999981,180,52,55,0.043,0.007252100000000064,99.8175328,Boussole
347.2779210000003,48542,0.05318310000000711,178,51,56,0.044,0.0073,99.816,Boussole
347.8143810000004,48543,0.0592294000000009,180,54,57,0.043,0.0074563000000001925,99.8126656,Boussole
348.4613140000004,48544,0.05666979999999603,179,55,54,0.043,0.007495799999999872,99.8118403,Boussole
348.95099700000026,48545,0.051772299999997634,179.5,53,54.5,0.043,0.007347899999999936,99.8161403,Boussole
349.3449880000003,48546,0.052605000000003205,180,51,55,0.043,0.007195799999999872,99.82096130000001,Boussole
349.8907340000004,48547,0.062033500000008644,181,52.5,55,0.042,0.007256300000000193,99.81907149999999,Boussole
350.5270200000004,48548,0.05776739999998681,182,54,55,0.043,0.007347899999999936,99.8160941,Boussole
351.0568870000003,48549,0.05055710000000326,181,54,56,0.044,0.007091599999999744,99.82210160000001,Boussole
351.5002400000003,48550,0.05794950000000608,183,52,55,0.042499999999999996,0.0068478999999999355,99.82784620000001,Boussole
352.0189110000004,48551,0.06442770000000236,181,54,53,0.043,0.006956300000000192,99.8249925,Boussole
352.6229360000004,48552,0.060208499999992636,182,52,55,0.043,0.007047899999999936,99.8230672,Boussole
353.1649540000003,48553,0.0578781000000039,179,51,57,0.042,0.006895799999999872,99.8273613,Boussole
353.59883700000023,48554,0.06007059999999911,180,54,56,0.043,0.006852100000000064,99.82880589999999,Boussole
354.1271290000004,48555,0.05986890000000058,177,53,54,0.042,0.006795799999999872,99.8306134,Boussole
354.7657090000004,48556,0.05410009999999238,180,53,52,0.042,0.006856300000000193,99.8287194,Boussole
355.2196530000002,48557,0.05512090000000826,181,53,55,0.042,0.006895799999999872,99.8273613,Boussole
355.55693800000023,48558,0.06588480000000563,180,54,56,0.042,0.006591599999999744,99.8355268,Boussole
356.13812800000045,48559,0.06931849999999903,179,53,55,0.042,0.006347899999999936,99.841221,Boussole
356.8837250000004,48560,0.06359839999999385,181,52,54,0.042,0.0065605000000003195,99.8355522,Boussole
357.3336370000001,48561,0.053946299999993785,180.25,52.25,54.75,0.042,0.006904200000000128,99.82713869999999,Boussole
357.55981300000013,48562,0.05018570000000108,179.5,52.5,55.5,0.042,0.0070521000000000646,99.8235059,Boussole
358.06393500000047,48563,0.05370920000000333,180.75,52.75,55.25,0.042,0.006787399999999616,99.830836,Boussole
358.8135230000005,48564,0.054115999999997444,182,53,55,0.042,0.006447899999999936,99.83907310000001,Boussole
359.38323200000025,48565,0.05126219999999885,178,53,58,0.042,0.006452100000000064,99.8390269,Boussole
359.7444930000002,48566,0.04894119999999821,181,53,56,0.042,0.00676050000000032,99.83183119999998,Boussole
360.2150370000004,48567,0.050726000000003844,177,53,56,0.043,0.006843699999999808,99.82960750000001,Boussole
360.8078690000004,48568,0.05453780000000115,179,50,55,0.042,0.006543699999999808,99.8371075,Boussole
361.3395590000003,48569,0.0507630999999943,182,52,53,0.042,0.0064,99.8401269,Boussole
361.8769110000004,48570,0.04290509999999558,181,54,57,0.042,0.0064,99.8396,Boussole
362.3657950000003,48571,0.0468419000000089,181,54,55,0.042,0.006295799999999872,99.84236130000001,Boussole
362.84311300000036,48572,0.06089820000000909,181,53,55,0.042,0.006095799999999872,99.8482865,Boussole
363.4977080000005,48573,0.06598069999999788,181,51,53,0.042,0.006104200000000128,99.8480135,Boussole
364.06231600000024,48574,0.05741859999999142,180,52,56,0.042,0.0062,99.8454731,Boussole
364.3603680000001,48575,0.049645399999998334,181,51,54,0.042,0.0062,99.846,Boussole
364.78979300000043,48576,0.055641900000008904,180,52,54,0.042,0.006095799999999872,99.8476672,Boussole
365.5790930000006,48577,0.05922609999999622,180,52.5,54.75,0.042,0.006104200000000128,99.8469597,Boussole
366.2161650000003,48578,0.05296139999999577,180,53,55.5,0.042,0.006095799999999872,99.84714029999999,Boussole
366.3316059999999,48579,0.05589570000000749,180.5,52.5,53.75,0.042,0.0060521000000000645,99.8481059,Boussole
366.57813800000037,48580,0.06280250000000161,181,52,52,0.042,0.005943699999999808,99.85100750000001,Boussole
367.4786370000008,48581,0.06076979999999603,180,54,57,0.041,0.005695799999999872,99.8579344,Boussole
368.2984330000003,48582,0.05691429999999891,181,52,54,0.042,0.005652100000000064,99.8593328,Boussole
368.45779099999993,48583,0.05781930000000211,181,52,56,0.042,0.005908400000000256,99.85222529999999,Boussole
368.6570210000003,48584,0.059608400000000256,178,51,54,0.041,0.006204200000000128,99.8454328,Boussole
369.33359800000056,48585,0.060268900000000576,181,52,56,0.041,0.005987399999999616,99.85114190000002,Boussole
370.08511200000044,48586,0.05611519999999436,181,53,56,0.041,0.005647899999999936,99.8588941,Boussole
370.5987280000002,48587,0.05612010000000518,181,53,55,0.041,0.0055478999999999355,99.8621403,Boussole
370.9375520000002,48588,0.06771080000000948,182,54,58,0.041,0.005447899999999936,99.8653462,Boussole
371.37198700000033,48589,0.06964209999999366,181,51,57,0.041,0.0054,99.8664,Boussole
371.9559780000004,48590,0.05885639999999257,181,54,56,0.041,0.005608400000000256,99.8613463,Boussole
372.6172210000004,48591,0.05257059999999911,180,52,57,0.041,0.00553949999999968,99.86227470000001,Boussole
373.2301720000003,48592,0.05747470000000685,180,53,56,0.041,0.0053,99.8674,Boussole
373.6147290000002,48593,0.06379830000000147,180,54.25,55.25,0.041,0.005404200000000128,99.8646387,Boussole
373.94240000000025,48594,0.06437899999999935,180,55.5,54.5,0.041,0.0059168000000005124,99.85261779999999,Boussole
374.55861500000054,48595,0.06780750000000481,181,53.25,55.25,0.041,0.005778999999999359,99.85728970000002,Boussole
375.3293300000005,48596,0.0628555999999895,182,51,56,0.041,0.005404200000000128,99.8656925,Boussole
375.702445,48597,0.055,182,54,56,0.041,0.005552100000000064,99.8615269,Boussole
375.8318470000001,48598,0.055208400000000254,182,53,54,0.041,0.0055478999999999355,99.8615731,Boussole
376.4384540000006,48599,0.058213400000003454,181,53,55,0.041,0.0055,99.8631941,Boussole
377.35514400000056,48600,0.058559699999997245,180,54,54,0.041,0.005343699999999807,99.8675865,Boussole
377.740345,48601,0.056760500000000325,183,54,56,0.041,0.005252100000000064,99.86955379999999,Boussole
377.8072590000001,48602,0.05616639999999898,181,55,54,0.041,0.005247899999999936,99.8701672,Boussole
378.3968070000006,48603,0.04961689999999289,180,52,54,0.041,0.005147899999999936,99.8722731,Boussole
379.23251500000043,48604,0.04596720000000205,182,55,55,0.041,0.00536050000000032,99.8660791,Boussole
379.610428,48605,0.047916800000000516,179,51,54,0.041,0.005495799999999872,99.8627134,Boussole
379.8774500000003,48606,0.05043610000000263,181,50,57,0.041,0.005347899999999936,99.8669672,Boussole
380.52543000000054,48607,0.05406720000000205,181,55,56,0.041,0.005195799999999872,99.8713134,Boussole
381.1699540000003,48608,0.056225200000000766,180,54,53,0.041,0.004995799999999872,99.8761403,Boussole
381.4782760000001,48609,0.05987390000000378,179.5,54,54.5,0.041,0.004795799999999872,99.8804403,Boussole
381.8640370000004,48610,0.06160589999999866,179,54,56,0.041,0.004856300000000193,99.87911349999999,Boussole
382.62254700000057,48611,0.06346550000000352,179,54,57,0.041,0.0051563000000001925,99.8726656,Boussole
383.19871200000017,48612,0.06922600000000384,179,53,58,0.041,0.005195799999999872,99.8712672,Boussole
383.3613020000001,48613,0.07111009999999879,180,53,54,0.041,0.005152100000000064,99.8717059,Boussole
383.8031110000005,48614,0.06420849999999263,180,53,55,0.0405,0.004991599999999744,99.8751285,Boussole
384.6545470000006,48615,0.056303399999997054,182,50,55,0.041,0.0048,99.87977310000001,Boussole
385.1614190000001,48616,0.051755499999997116,179,54,57,0.041,0.004747899999999936,99.8808731,Boussole
385.2915620000001,48617,0.051319300000002115,181,53,54,0.041,0.0047,99.8819731,Boussole
385.77461500000055,48618,0.056286500000004167,179,53,54,0.041,0.004908400000000256,99.87744629999999,Boussole
386.6427570000006,48619,0.057003399999997054,179,53,56,0.0405,0.005152100000000064,99.8717059,Boussole
387.24142600000016,48620,0.05287229999999763,184,52,57,0.041,0.005252100000000064,99.86955379999999,Boussole
387.46041900000006,48621,0.05063109999999942,181,55,55,0.041,0.0053,99.86907310000001,Boussole
387.86096100000043,48622,0.0520756000000023,179,53,57,0.041,0.004831099999999424,99.87965530000002,Boussole
388.60407700000053,48623,0.05202859999999782,179,53,57,0.041,0.004504200000000128,99.88665970000001,Boussole
389.2576850000003,48624,0.04352279999999155,181,53,56,0.041,0.0044436999999998075,99.88798650000001,Boussole
389.6588040000002,48625,0.038294100000001344,181.5,52.5,54.5,0.04,0.0045605000000003195,99.88547319999999,Boussole
390.0656430000003,48626,0.04612510000000839,182,52,53,0.04,0.004591599999999744,99.88535370000001,Boussole
390.6309610000004,48627,0.054900800000003074,182,53,56,0.041,0.004556300000000193,99.88609249999999,Boussole
391.32145600000047,48628,0.056105899999998654,180,54,56,0.04,0.0047,99.8819269,Boussole
391.8881310000002,48629,0.056454600000001666,179,53,57,0.04,0.0047,99.88254620000001,Boussole
392.23035900000013,48630,0.05848150000000096,179,53,52,0.04,0.0047,99.8836,Boussole
392.7240110000004,48631,0.05143709999999046,180,51,55,0.04,0.0047,99.88302689999999,Boussole
393.42178400000046,48632,0.048311700000004926,181,51,55,0.04,0.004595799999999872,99.88474029999999,Boussole
394.0174160000003,48633,0.05965870000000941,181,52,55,0.04,0.004552100000000064,99.8856538,Boussole
394.5186260000003,48634,0.06477229999999763,181,53,53,0.04,0.004652100000000064,99.8840269,Boussole
394.97461000000027,48635,0.06060339999999705,182,53,55,0.04,0.004543699999999808,99.8863134,Boussole
395.46536500000036,48636,0.055586599999996544,180,52,56,0.04,0.0044,99.8889,Boussole
396.11580900000047,48637,0.05003029999999635,182,52,55,0.04,0.004660500000000321,99.8827522,Boussole
396.71247500000027,48638,0.04818570000000109,180,51,54,0.04,0.0045352999999995515,99.8854881,Boussole
397.10255200000023,48639,0.049260500000000325,181,53,53,0.04,0.004252100000000064,99.8926269,Boussole
397.60159100000044,48640,0.052678100000003905,182,52,55,0.04,0.004404200000000128,99.8898597,Boussole
398.3022880000005,48641,0.052369799999996025,180,54,54,0.04,0.004604200000000128,99.8844656,Boussole
398.7411330000001,48642,0.056485600000008705,180.5,54,54,0.04,0.004595799999999872,99.8842134,Boussole
399.0417780000003,48643,0.06310420000000014,181,54,54,0.041,0.004447899999999936,99.8878941,Boussole
399.68224500000053,48644,0.05642699999999168,181,52,57,0.041,0.004347899999999936,99.8900462,Boussole
