temp,salinity
14.11246551724138,4.554116448275862
14.39091826923077,4.576481951923077
14.787239285714286,4.605964071428572
14.933439130434785,4.61651447826087
14.940176086956523,4.616777922554348
14.95510625,4.61773675
14.969704166666666,4.618566968750001
14.992854347826086,4.620194217391305
14.988664758064516,4.6194152895161285
14.29953717948718,4.605511038461539
13.6,4.55
13.6,4.55
13.6,4.55
13.692833333333333,4.507671666666667
13.62995,4.4973795
13.6194,4.495248
13.631686904761905,4.496107333333334
13.6548,4.4984861
13.382179411764708,4.500059911764706
13.567945555555555,4.516937411111111
13.54670244844761,4.511921480147093
13.521272678346502,4.507511403250124
13.480392860215053,4.5007640068762065
13.434801039636126,4.493402925183329
13.418075541002278,4.481587783207575
13.410843737108257,4.484881695632888
13.428216441441442,4.479124616298116
13.464470003014773,4.5090671564264895
13.435444047619047,4.503382660714286
13.434677026143792,4.501197719689543
13.451666531165312,4.501855662478443
13.422739197324415,4.496234922073579
13.413548791325658,4.493035751144403
13.416726103252573,4.491946661342338
13.44499216770386,4.493930764996652
13.499214382693868,4.499044929974292
13.464470003014773,4.5090671564264895
13.435444047619047,4.503382660714286
13.434677026143792,4.501197719689543
13.451666531165312,4.501855662478443
13.422739197324415,4.496234922073579
13.413548791325658,4.493035751144403
13.416726103252573,4.491946661342338
13.44499216770386,4.493930764996652
13.499214382693868,4.499044929974292
13.659566666666668,4.538193
13.58275,4.525452166666667
13.493195,4.51104655
13.486,4.5079075
13.55265,4.51285625
13.834308333333333,4.540224783333333
15.627686666666666,4.712603343939394
15.968208823529412,4.746265441176471
16.07978888888889,4.757363
13.592504166666666,4.525424833333333
13.6171,4.526788722222222
13.620188059701492,4.524453731343284
13.65625,4.5258881
13.7708,4.535533
14.045947727272727,4.5613217159090915
14.784116000000001,4.637001713333333
18.943826530612245,5.073960122448979
22.921401515151512,5.518814564935065
13.62159560723514,4.529178421188631
13.6231,4.5286865
13.639876829268292,4.52905481707317
13.651367720959596,4.527829727114899
13.711414881118882,4.532541859627039
13.91169849843175,4.551766739522363
14.430031818181817,4.603880484848485
18.762367857142856,5.067880571428571
23.970369811630142,5.648753262146705
13.724,4.544573333333333
13.7066,4.54143
13.688165150438286,4.536674010068705
13.684569444444445,4.533487888888889
13.810850020793726,4.543866259268061
14.475300679012346,4.612133264609053
16.633627118644068,4.839712957627119
23.576733378317588,5.611098347503374
23.66469931264729,5.618901065200314
13.708428867924528,4.535178111320755
13.727572727272728,4.535599636363636
13.765926152482269,4.537474913057244
13.807447722095672,4.538770906605922
14.14225268053519,4.571045006216398
17.444452791878174,4.926645294950575
18.70275711527035,5.061394326054664
19.32765,5.124810500000001
18.919476470588236,5.081280823529411
